# label area perimeter xmin xmax ymin ymax
1 2 2 47 47 585 586
2 3 3 50 51 588 589
3 1 1 1447 1447 626 626
4 1 1 1434 1434 640 640
5 2 2 1457 1457 651 652
6 74 40 1442 1456 652 659
10 18 17 1462 1465 664 672
11 57 40 1443 1462 680 686
15 145 53 754 774 695 707
18 14 12 1205 1208 723 727
20 11 10 1014 1019 739 741
22 55 23 1012 1020 748 755
25 75 43 837 853 759 769
26 1 1 833 833 760 760
28 1 1 828 828 761 761
29 1 1 836 836 761 761
30 1 1 827 827 762 762
33 12 10 831 835 767 769
34 100 59 797 816 768 776
39 5 5 787 789 775 777
40 3 3 793 794 775 776
42 2 2 782 783 778 778
43 1 1 775 775 779 779
44 4 4 758 760 781 782
45 37 21 762 768 781 789
46 3 3 772 773 781 782
47 7 7 754 757 784 786
50 133 47 546 566 841 852
53 1 1 542 542 845 845
55 932 241 454 530 846 869
57 2 2 536 537 846 846
61 18 14 531 537 848 851
66 2 2 544 545 850 850
68 1 1 546 546 851 851
71 107 47 688 707 853 865
72 1 1 709 709 853 853
75 1 1 462 462 855 855
78 1 1 444 444 857 857
79 1 1 689 689 857 857
80 336 134 426 464 858 881
95 1 1 467 467 867 867
96 1 1 663 663 869 869
97 350 123 389 425 870 894
99 1 1 666 666 870 870
104 2 2 470 470 872 873
105 16 13 658 663 872 875
108 102 51 636 657 873 882
109 1 1 690 690 873 873
111 3 3 666 667 874 875
117 2 2 408 408 878 879
118 10 10 453 458 878 879
122 1 1 698 698 879 879
123 115 51 690 706 879 892
126 10 10 367 372 881 884
128 1 1 451 451 881 881
137 462 174 334 385 884 905
139 1 1 629 629 884 884
142 1 1 626 626 886 886
143 9 9 685 689 886 887
147 1 1 684 684 888 888
150 6 6 615 617 889 890
154 5 5 611 614 892 893
155 8 8 630 633 892 894
158 2 2 621 622 893 893
160 2 2 324 324 895 896
161 2 2 307 308 896 896
162 1 1 605 605 896 896
163 4 4 628 628 896 899
164 1 1 657 657 896 896
165 3 3 606 607 897 898
166 16 15 586 593 898 900
168 1 1 583 583 899 899
169 39 28 684 689 899 910
172 15 14 595 601 900 902
173 1 1 639 639 900 900
174 3 3 285 287 901 901
175 1 1 354 354 902 902
176 1 1 604 604 902 902
177 1 1 280 280 904 904
178 2 2 296 297 904 904
179 1 1 361 361 904 904
180 4 4 283 286 905 905
181 1 1 360 360 905 905
182 4 4 587 589 905 906
183 33 29 626 634 905 912
184 5 5 647 648 905 907
185 9 8 278 281 906 909
186 4 4 606 609 906 906
187 1 1 639 639 906 906
189 1 1 654 654 906 906
190 4 4 345 346 907 909
191 109 73 600 620 907 927
192 5 5 622 623 907 909
193 90 46 257 277 908 915
195 1 1 338 338 908 908
200 108 53 284 305 909 918
203 1 1 598 598 909 909
208 1 1 586 586 910 910
209 7 6 281 283 912 914
210 2 2 558 559 912 912
213 1 1 557 557 913 913
214 2 2 594 595 913 913
216 1 1 637 637 915 915
217 7 7 252 255 916 917
218 1 1 283 283 918 918
220 1 1 632 632 918 918
221 1 1 633 633 919 919
222 1 1 539 539 920 920
223 1 1 628 628 921 921
224 45 31 250 263 922 929
225 1 1 629 629 922 922
227 1 1 536 536 923 923
230 1 1 625 625 925 925
231 1 1 533 533 926 926
232 2 2 275 276 927 927
233 1 1 273 273 928 928
234 2 2 534 535 928 928
235 2 2 527 527 929 930
236 1 1 501 501 930 930
237 2 2 614 614 930 931
238 1 1 619 619 930 930
239 152 88 129 169 932 940
240 8 7 175 178 933 936
242 137 57 173 190 934 949
251 3 3 514 515 936 937
252 378 196 90 128 937 970
257 1 1 596 596 939 939
258 1 1 610 610 939 939
262 57 32 506 518 940 949
264 1 1 482 482 941 941
267 1 1 145 145 942 942
270 2 2 588 589 942 942
271 5 5 614 618 942 942
273 5 5 146 147 943 945
276 21 15 127 133 945 950
277 236 69 468 490 945 963
279 1 1 503 503 946 946
282 1 1 107 107 948 948
288 2 2 198 199 949 949
289 2 2 586 587 949 949
293 23 19 156 160 952 961
294 1 1 585 585 952 952
295 63 39 125 140 953 961
296 8 7 149 152 953 955
303 1 1 572 572 955 955
304 1 1 490 490 957 957
305 2 2 152 153 958 958
306 18 16 107 114 959 961
307 4 4 453 454 959 961
308 3 3 529 531 959 959
311 1 1 162 162 960 960
314 3 3 141 143 961 961
316 2 2 155 156 962 962
319 1 1 150 150 963 963
320 2 2 460 461 963 963
321 1 1 144 144 964 964
322 1 1 408 408 964 964
323 23 19 448 453 964 969
324 1 1 459 459 964 964
325 1 1 494 494 964 964
327 33 23 112 122 965 971
328 2 2 136 137 965 965
329 22 20 404 409 965 973
330 7 6 413 415 965 967
331 1 1 89 89 966 966
333 1 1 124 124 966 966
335 6 6 454 455 966 968
336 2 2 505 506 966 966
341 2 2 498 499 970 970
342 5 5 89 89 971 975
343 2 2 397 397 972 973
344 1 1 465 465 972 972
345 1 1 403 403 974 974
346 1 1 491 491 975 975
347 156 112 413 441 976 993
348 1 1 492 492 976 976
349 7 7 418 421 977 979
351 1 1 447 447 978 978
352 6 6 459 460 979 982
353 2 2 409 410 980 980
358 3 3 469 470 980 981
359 1 1 375 375 981 981
360 1 1 465 465 981 981
362 1 1 496 496 981 981
363 1 1 464 464 982 982
364 4 4 471 474 982 982
365 1 1 500 500 982 982
367 1 1 461 461 983 983
368 23 14 522 525 983 989
369 44 25 371 381 984 992
370 1 1 379 379 984 984
372 1 1 443 443 984 984
373 19 13 451 455 985 989
375 2 2 401 402 986 986
377 1 1 462 462 986 986
378 1 1 411 411 987 987
379 1 1 408 408 988 988
380 23 16 441 446 988 995
381 8 8 359 361 990 994
382 7 7 456 459 990 993
385 14 10 406 410 992 995
386 1 1 419 419 992 992
387 1 1 384 384 993 993
388 1 1 499 499 993 993
389 3 3 522 524 993 993
390 52 32 427 440 995 1003
393 3 3 453 454 998 999
395 15 15 441 449 999 1001
396 1 1 474 474 999 999
399 1 1 337 337 1001 1001
400 1 1 338 338 1002 1002
401 2 2 391 392 1002 1002
402 1 1 398 398 1002 1002
403 4 4 401 403 1002 1003
404 1 1 450 450 1002 1002
405 3 3 388 390 1003 1003
407 1 1 415 415 1003 1003
408 1 1 407 407 1004 1004
409 1 1 457 457 1004 1004
410 5 5 380 382 1005 1007
411 43 29 447 456 1006 1015
412 1 1 367 367 1008 1008
413 5 5 388 389 1008 1011
414 7 7 403 405 1009 1011
415 2 2 412 412 1009 1010
416 2 2 581 582 1009 1009
417 2 2 381 381 1010 1011
422 46 34 381 392 1013 1020
424 4 4 443 443 1013 1016
426 45 36 569 581 1013 1021
427 3 3 411 413 1014 1014
433 1 1 415 415 1016 1016
434 1 1 436 436 1016 1016
435 59 31 447 457 1017 1026
436 1 1 564 564 1017 1017
439 1 1 444 444 1019 1019
441 1 1 393 393 1020 1020
442 1 1 388 388 1021 1021
443 1 1 436 436 1022 1022
444 1 1 461 461 1024 1024
445 1 1 436 436 1026 1026
446 107 51 435 451 1026 1038
447 2 2 433 433 1027 1028
448 1 1 459 459 1027 1027
451 2 2 233 233 1034 1035
452 353 115 343 386 1034 1054
455 6 6 387 388 1039 1043
456 1 1 262 262 1040 1040
461 1 1 228 228 1041 1041
463 1 1 444 444 1042 1042
464 21 13 259 264 1045 1049
465 2 2 231 232 1046 1046
468 16 14 403 409 1046 1050
469 1 1 236 236 1047 1047
473 1 1 237 237 1049 1049
474 1 1 414 414 1049 1049
475 58 33 344 354 1050 1060
476 80 44 198 216 1051 1060
477 4 4 224 225 1051 1053
478 106 61 225 242 1052 1071
479 1 1 354 354 1052 1052
480 4 4 189 190 1053 1055
482 1 1 373 373 1053 1053
484 1 1 487 487 1054 1054
485 1 1 194 194 1055 1055
487 1 1 488 488 1055 1055
492 3 3 341 343 1058 1058
493 1 1 367 367 1058 1058
494 4 4 382 383 1058 1059
495 1 1 411 411 1058 1058
496 1 1 492 492 1058 1058
497 22 17 387 391 1060 1068
498 3 3 224 226 1062 1062
499 2 2 223 223 1063 1064
501 4 4 251 251 1063 1066
502 41 25 178 188 1064 1069
503 1 1 189 189 1064 1064
504 2 2 243 243 1064 1065
507 1 1 205 205 1065 1065
508 1 1 353 353 1066 1066
509 1 1 367 367 1066 1066
511 20 18 252 261 1067 1072
512 3 3 355 356 1069 1070
513 2 2 176 177 1071 1071
514 1 1 357 357 1071 1071
515 1 1 243 243 1072 1072
516 2 2 358 359 1072 1072
517 52 31 222 237 1073 1079
519 15 13 381 385 1075 1079
522 8 8 374 377 1077 1079
524 4 4 156 159 1079 1079
526 2 2 363 364 1079 1079
