1 [1]
2 [2]
3 [3]
4 [4]
5 [5]
6 [6]
7 [6]
8 [6]
9 [6]
10 [10]
11 [11]
12 [11]
13 [11]
14 [11]
15 [15]
16 [15]
17 [15]
18 [18]
19 [18]
20 [20]
21 [20]
22 [22]
23 [22]
24 [22]
25 [25]
26 [26]
27 [25]
28 [28]
29 [29]
30 [30]
31 [25]
32 [25]
33 [33]
34 [34]
35 [34]
36 [34]
37 [34]
38 [34]
39 [39]
40 [40]
41 [39]
42 [42]
43 [43]
44 [44]
45 [45]
46 [46]
47 [47]
48 [45]
49 [47]
50 [50]
51 [50]
52 [50]
53 [53]
54 [50]
55 [55]
56 [55]
57 [57]
58 [55]
59 [55]
60 [55]
61 [61]
62 [55]
63 [55]
64 [55]
65 [55]
66 [66]
67 [55]
68 [68]
69 [55]
70 [55]
71 [71]
72 [72]
73 [55]
74 [71]
75 [75]
76 [71]
77 [71]
78 [78]
79 [79]
80 [80]
81 [80]
82 [55]
83 [55]
84 [80]
85 [71]
86 [80]
87 [71]
88 [80]
89 [55]
90 [55]
91 [71]
92 [55]
93 [71]
94 [80]
95 [95]
96 [96]
97 [97]
98 [80]
99 [99]
100 [97]
101 [97]
102 [80]
103 [97]
104 [104]
105 [105]
106 [97]
107 [80]
108 [108]
109 [109]
110 [108]
111 [111]
112 [80]
113 [108]
114 [108]
115 [108]
116 [97]
117 [117]
118 [118]
119 [108]
120 [97]
121 [118]
122 [122]
123 [123]
124 [97]
125 [123]
126 [126]
127 [97]
128 [128]
129 [123]
130 [126]
131 [97]
132 [123]
133 [126]
134 [97]
135 [97]
136 [123]
137 [137]
138 [97]
139 [139]
140 [97]
141 [137]
142 [142]
143 [143]
144 [143]
145 [137]
146 [137]
147 [147]
148 [137]
149 [137]
150 [150]
151 [137]
152 [123]
153 [123]
154 [154]
155 [155]
156 [137]
157 [137]
158 [158]
159 [137]
160 [160]
161 [161]
162 [162]
163 [163]
164 [164]
165 [165]
166 [166]
167 [137]
168 [168]
169 [169]
170 [137]
171 [166]
172 [172]
173 [173]
174 [174]
175 [175]
176 [176]
177 [177]
178 [178]
179 [179]
180 [180]
181 [181]
182 [182]
183 [183]
184 [184]
185 [185]
186 [186]
187 [187]
188 [184]
189 [189]
190 [190]
191 [191]
192 [192]
193 [193]
194 [185]
195 [195]
196 [191]
197 [192]
198 [193]
199 [193]
200 [200]
201 [200]
202 [190]
203 [203]
204 [191]
205 [193]
206 [200]
207 [200]
208 [208]
209 [209]
210 [210]
211 [193]
212 [209]
213 [213]
214 [214]
215 [193]
216 [216]
217 [217]
218 [218]
219 [191]
220 [220]
221 [221]
222 [222]
223 [223]
224 [224]
225 [225]
226 [224]
227 [227]
228 [224]
229 [224]
230 [230]
231 [231]
232 [232]
233 [233]
234 [234]
235 [235]
236 [236]
237 [237]
238 [238]
239 [239]
240 [240]
241 [240]
242 [242]
243 [239]
244 [239]
245 [239]
246 [239]
247 [240]
248 [242]
249 [239]
250 [242]
251 [251]
252 [252]
253 [252]
254 [252]
255 [252]
256 [242]
257 [257]
258 [258]
259 [252]
260 [242]
261 [242]
262 [262]
263 [252]
264 [264]
265 [262]
266 [252]
267 [267]
268 [242]
269 [262]
270 [270]
271 [271]
272 [252]
273 [273]
274 [262]
275 [252]
276 [276]
277 [277]
278 [252]
279 [279]
280 [252]
281 [252]
282 [282]
283 [276]
284 [277]
285 [277]
286 [252]
287 [276]
288 [288]
289 [289]
290 [252]
291 [277]
292 [277]
293 [293]
294 [294]
295 [295]
296 [296]
297 [293]
298 [277]
299 [295]
300 [296]
301 [295]
302 [296]
303 [303]
304 [304]
305 [305]
306 [306]
307 [307]
308 [308]
309 [252]
310 [252]
311 [311]
312 [307]
313 [277]
314 [314]
315 [293]
316 [316]
317 [252]
318 [252]
319 [319]
320 [320]
321 [321]
322 [322]
323 [323]
324 [324]
325 [325]
326 [252]
327 [327]
328 [328]
329 [329]
330 [330]
331 [331]
332 [327]
333 [333]
334 [323]
335 [335]
336 [336]
337 [252]
338 [329]
339 [327]
340 [327]
341 [341]
342 [342]
343 [343]
344 [344]
345 [345]
346 [346]
347 [347]
348 [348]
349 [349]
350 [349]
351 [351]
352 [352]
353 [353]
354 [347]
355 [347]
356 [347]
357 [352]
358 [358]
359 [359]
360 [360]
361 [358]
362 [362]
363 [363]
364 [364]
365 [365]
366 [347]
367 [367]
368 [368]
369 [369]
370 [370]
371 [347]
372 [372]
373 [373]
374 [369]
375 [375]
376 [373]
377 [377]
378 [378]
379 [379]
380 [380]
381 [381]
382 [382]
383 [381]
384 [380]
385 [385]
386 [386]
387 [387]
388 [388]
389 [389]
390 [390]
391 [390]
392 [390]
393 [393]
394 [390]
395 [395]
396 [396]
397 [390]
398 [395]
399 [399]
400 [400]
401 [401]
402 [402]
403 [403]
404 [404]
405 [405]
406 [403]
407 [407]
408 [408]
409 [409]
410 [410]
411 [411]
412 [412]
413 [413]
414 [414]
415 [415]
416 [416]
417 [417]
418 [413]
419 [411]
420 [411]
421 [411]
422 [422]
423 [422]
424 [424]
425 [411]
426 [426]
427 [427]
428 [426]
429 [422]
430 [422]
431 [426]
432 [426]
433 [433]
434 [434]
435 [435]
436 [436]
437 [422]
438 [435]
439 [439]
440 [426]
441 [441]
442 [442]
443 [443]
444 [444]
445 [445]
446 [446]
447 [447]
448 [448]
449 [446]
450 [446]
451 [451]
452 [452]
453 [452]
454 [452]
455 [455]
456 [456]
457 [452]
458 [452]
459 [452]
460 [455]
461 [461]
462 [452]
463 [463]
464 [464]
465 [465]
466 [464]
467 [452]
468 [468]
469 [469]
470 [464]
471 [452]
472 [468]
473 [473]
474 [474]
475 [475]
476 [476]
477 [477]
478 [478]
479 [479]
480 [480]
481 [476]
482 [482]
483 [480]
484 [484]
485 [485]
486 [475]
487 [487]
488 [476]
489 [478]
490 [476]
491 [476]
492 [492]
493 [493]
494 [494]
495 [495]
496 [496]
497 [497]
498 [498]
499 [499]
500 [478]
501 [501]
502 [502]
503 [503]
504 [504]
505 [497]
506 [502]
507 [507]
508 [508]
509 [509]
510 [478]
511 [511]
512 [512]
513 [513]
514 [514]
515 [515]
516 [516]
517 [517]
518 [517]
519 [519]
520 [517]
521 [517]
522 [522]
523 [517]
524 [524]
525 [517]
526 [526]
527 [527]
528 [427]
529 [427]
530 [427]
531 [427]
532 [532]
533 [427]
534 [534]
535 [427]
536 [427]
537 [537]
538 [538]
539 [427]
540 [427]
541 [541]
542 [538]
543 [427]
544 [544]
545 [538]
546 [427]
547 [427]
548 [544]
549 [549]
550 [538]
551 [544]
552 [552]
553 [544]
554 [427]
555 [427]
556 [556]
557 [557]
558 [427]
559 [427]
560 [556]
561 [561]
562 [557]
563 [427]
564 [544]
565 [565]
566 [544]
567 [567]
568 [565]
569 [569]
570 [427]
571 [567]
572 [572]
573 [573]
574 [427]
575 [565]
576 [572]
577 [577]
578 [427]
579 [579]
580 [427]
581 [427]
582 [427]
583 [427]
584 [584]
585 [427]
586 [427]
587 [584]
588 [427]
589 [589]
590 [590]
591 [589]
592 [592]
593 [593]
594 [594]
595 [595]
596 [593]
597 [597]
598 [593]
599 [599]
600 [595]
601 [601]
602 [602]
603 [603]
604 [604]
605 [605]
606 [606]
607 [607]
608 [608]
609 [609]
610 [610]
611 [608]
612 [610]
613 [610]
614 [610]
615 [615]
616 [616]
617 [617]
618 [616]
619 [619]
620 [620]
621 [621]
622 [621]
623 [623]
624 [624]
625 [625]
626 [626]
627 [627]
628 [628]
629 [629]
630 [627]
631 [629]
632 [629]
633 [633]
634 [627]
635 [627]
636 [627]
637 [627]
638 [627]
639 [627]
640 [627]
641 [627]
642 [627]
643 [627]
644 [627]
645 [645]
646 [627]
647 [627]
648 [627]
649 [627]
650 [650]
651 [651]
652 [627]
653 [627]
654 [627]
655 [655]
656 [656]
657 [657]
658 [658]
659 [627]
660 [660]
661 [661]
662 [627]
663 [663]
664 [664]
665 [627]
666 [627]
667 [627]
668 [627]
669 [627]
670 [627]
671 [627]
672 [627]
673 [627]
674 [674]
675 [627]
676 [676]
