# label area perimeter xmin xmax ymin ymax width height spatial_area pass_area pass_dims pass_pix_area pass_aspect pass_circ pass_fill pass_fill_min
30 4679 576 1555 1687 570 677 132 107 14124 1 1 1 1 1 1 1
1 4565 553 2 130 527 632 128 105 13440 1 1 1 1 1 1 1
285 235 125 1710 1743 806 826 33 20 660 1 0 0 0 1 1 1
263 134 62 1891 1907 792 811 16 19 304 1 0 0 1 1 1 1
316 126 75 1661 1698 819 827 37 8 296 0 0 0 0 1 1 1
172 119 69 1015 1048 739 746 33 7 231 0 0 0 0 1 1 1
273 119 51 1766 1787 798 806 21 8 168 0 0 0 0 1 0 1
366 114 51 1497 1519 1008 1015 22 7 154 0 0 0 0 1 0 1
112 106 35 1345 1356 625 634 11 9 99 0 0 0 1 1 0 1
249 94 43 1749 1767 780 786 18 6 108 0 0 0 0 1 0 1
223 92 61 1889 1906 762 782 17 20 340 1 0 0 1 1 1 1
153 81 28 1470 1479 699 708 9 9 81 0 0 0 1 1 0 1
159 79 70 163 205 736 740 42 4 168 0 0 0 0 1 1 1
291 61 35 1853 1866 808 816 13 8 104 0 0 0 0 1 1 1
355 59 37 1863 1868 858 874 5 16 80 0 0 0 0 1 0 1
232 57 26 1818 1827 773 783 9 10 90 0 0 0 1 1 0 1
301 55 41 1691 1705 813 824 14 11 154 0 0 0 1 1 1 1
370 53 24 1524 1534 1010 1017 10 7 70 0 0 0 0 1 0 1
237 50 23 1697 1708 776 781 11 5 55 0 0 0 0 1 0 1
334 49 34 1620 1630 828 840 10 12 120 0 0 0 1 1 1 1
173 45 37 982 1000 740 743 18 3 54 0 0 0 0 1 0 1
184 45 31 1149 1156 744 756 7 12 84 0 0 0 0 1 1 1
303 43 26 1799 1810 813 821 11 8 88 0 0 0 0 1 1 1
333 36 30 1641 1658 827 831 17 4 68 0 0 0 0 1 1 1
261 35 20 1904 1909 787 796 5 9 45 0 0 0 0 1 0 1
350 32 30 1884 1887 841 858 3 17 51 0 0 0 0 1 0 1
359 32 16 1792 1799 931 936 7 5 35 0 0 0 0 1 0 1
228 31 23 1691 1700 766 771 9 5 45 0 0 0 0 1 0 1
279 31 19 1818 1825 802 806 7 4 28 0 0 0 0 1 0 1
315 27 21 170 181 819 821 11 2 22 0 0 0 0 1 0 1
363 24 16 1832 1838 977 980 6 3 18 0 0 0 0 1 0 1
266 23 22 1792 1805 795 797 13 2 26 0 0 0 0 1 0 1
319 22 14 1869 1876 820 825 7 5 35 0 0 0 0 1 0 1
189 17 13 1331 1336 746 750 5 4 20 0 0 0 1 1 0 1
190 17 12 1120 1123 747 753 3 6 18 0 0 0 0 1 0 1
264 17 13 1806 1812 793 796 6 3 18 0 0 0 0 1 0 1
347 17 15 1653 1661 836 838 8 2 16 0 0 0 0 1 0 1
149 15 15 22 36 662 662 14 0 0 0 0 0 0 1 0 0
246 15 15 1673 1686 779 780 13 1 13 0 0 0 0 1 0 1
203 14 11 1166 1171 751 754 5 3 15 0 0 0 0 1 0 1
257 14 14 1236 1248 786 787 12 1 12 0 0 0 0 1 0 1
207 13 10 1218 1222 753 755 4 2 8 0 0 0 0 1 0 1
284 13 13 1788 1797 805 806 9 1 9 0 0 0 0 1 0 1
201 12 12 1200 1205 750 752 5 2 10 0 0 0 0 1 0 1
235 12 10 1852 1855 775 778 3 3 9 0 0 0 1 1 0 1
373 12 9 1889 1893 1030 1032 4 2 8 0 0 0 0 1 0 1
231 10 10 1676 1680 771 772 4 1 4 0 0 0 0 1 0 1
238 10 9 1302 1307 777 779 5 2 10 0 0 0 0 1 0 1
162 9 9 213 219 737 739 6 2 12 0 0 0 0 1 0 1
163 9 9 226 231 737 739 5 2 10 0 0 0 0 1 0 1
195 8 8 916 917 748 752 1 4 4 0 0 0 0 1 0 1
361 8 8 1899 1901 941 944 2 3 6 0 0 0 0 1 0 1
209 7 7 1308 1310 754 756 2 2 4 0 0 0 1 1 0 1
215 7 7 1119 1121 758 761 2 3 6 0 0 0 0 1 0 1
272 7 7 1842 1845 797 798 3 1 3 0 0 0 0 1 0 1
299 7 7 1703 1707 812 813 4 1 4 0 0 0 0 1 0 1
151 6 6 1671 1672 678 682 1 4 4 0 0 0 0 1 0 1
171 6 6 1001 1004 739 740 3 1 3 0 0 0 0 1 0 1
182 6 5 1173 1175 743 746 2 3 6 0 0 0 0 1 0 1
205 6 6 1339 1344 752 752 5 0 0 0 0 0 0 1 0 0
268 6 6 1856 1861 795 795 5 0 0 0 0 0 0 1 0 0
270 6 6 1849 1850 796 800 1 4 4 0 0 0 0 1 0 1
300 6 6 1880 1882 812 814 2 2 4 0 0 0 1 1 0 1
164 5 5 235 238 737 738 3 1 3 0 0 0 0 1 0 1
214 5 5 1262 1266 757 757 4 0 0 0 0 0 0 1 0 0
220 5 5 1131 1133 760 761 2 1 2 0 0 0 0 1 0 1
290 5 5 1764 1766 808 809 2 1 2 0 0 0 0 1 0 1
295 5 5 1910 1911 809 812 1 3 3 0 0 0 0 1 0 1
157 4 4 233 234 735 736 1 1 1 0 0 0 1 1 0 1
183 4 4 1250 1252 743 744 2 1 2 0 0 0 0 1 0 1
212 4 4 1085 1086 756 757 1 1 1 0 0 0 1 1 0 1
216 4 4 1414 1414 758 761 0 3 0 0 0 0 0 1 0 0
253 4 4 1895 1896 780 781 1 1 1 0 0 0 1 1 0 1
336 4 4 0 1 829 831 1 2 2 0 0 0 0 1 0 1
340 4 4 1906 1908 831 832 2 1 2 0 0 0 0 1 0 1
358 4 4 1630 1632 892 893 2 1 2 0 0 0 0 1 0 1
199 3 3 1159 1161 749 749 2 0 0 0 0 0 0 1 0 0
218 3 3 1088 1090 760 760 2 0 0 0 0 0 0 1 0 0
226 3 3 1903 1904 764 765 1 1 1 0 0 0 1 1 0 1
245 3 3 1884 1885 778 779 1 1 1 0 0 0 1 1 0 1
313 3 3 1851 1852 816 817 1 1 1 0 0 0 1 1 0 1
342 3 3 1668 1670 832 832 2 0 0 0 0 0 0 1 0 0
343 3 3 1889 1891 832 832 2 0 0 0 0 0 0 1 0 0
353 3 3 1443 1445 849 849 2 0 0 0 0 0 0 1 0 0
138 2 2 9 9 656 657 0 1 0 0 0 0 0 1 0 0
156 2 2 1557 1557 702 703 0 1 0 0 0 0 0 1 0 0
181 2 2 1253 1254 742 742 1 0 0 0 0 0 0 1 0 0
221 2 2 1286 1287 761 761 1 0 0 0 0 0 0 1 0 0
259 2 2 1409 1410 787 787 1 0 0 0 0 0 0 1 0 0
282 2 2 1889 1890 804 804 1 0 0 0 0 0 0 1 0 0
288 2 2 1914 1915 806 806 1 0 0 0 0 0 0 1 0 0
306 2 2 1897 1897 813 814 0 1 0 0 0 0 0 1 0 0
309 2 2 1757 1757 814 815 0 1 0 0 0 0 0 1 0 0
337 2 2 1912 1912 829 830 0 1 0 0 0 0 0 1 0 0
352 2 2 1697 1697 845 846 0 1 0 0 0 0 0 1 0 0
124 1 1 10 10 640 640 0 0 0 0 0 0 1 1 0 0
143 1 1 10 10 659 659 0 0 0 0 0 0 1 1 0 0
147 1 1 11 11 660 660 0 0 0 0 0 0 1 1 0 0
158 1 1 1049 1049 735 735 0 0 0 0 0 0 1 1 0 0
160 1 1 60 60 737 737 0 0 0 0 0 0 1 1 0 0
169 1 1 206 206 739 739 0 0 0 0 0 0 1 1 0 0
177 1 1 461 461 741 741 0 0 0 0 0 0 1 1 0 0
187 1 1 886 886 746 746 0 0 0 0 0 0 1 1 0 0
188 1 1 1179 1179 746 746 0 0 0 0 0 0 1 1 0 0
191 1 1 1147 1147 747 747 0 0 0 0 0 0 1 1 0 0
193 1 1 646 646 748 748 0 0 0 0 0 0 1 1 0 0
194 1 1 652 652 748 748 0 0 0 0 0 0 1 1 0 0
202 1 1 1146 1146 751 751 0 0 0 0 0 0 1 1 0 0
211 1 1 1692 1692 755 755 0 0 0 0 0 0 1 1 0 0
222 1 1 1714 1714 761 761 0 0 0 0 0 0 1 1 0 0
250 1 1 1793 1793 780 780 0 0 0 0 0 0 1 1 0 0
251 1 1 1805 1805 780 780 0 0 0 0 0 0 1 1 0 0
260 1 1 1769 1769 787 787 0 0 0 0 0 0 1 1 0 0
271 1 1 1548 1548 797 797 0 0 0 0 0 0 1 1 0 0
278 1 1 1810 1810 802 802 0 0 0 0 0 0 1 1 0 0
281 1 1 1813 1813 804 804 0 0 0 0 0 0 1 1 0 0
287 1 1 1891 1891 806 806 0 0 0 0 0 0 1 1 0 0
289 1 1 1809 1809 807 807 0 0 0 0 0 0 1 1 0 0
292 1 1 1911 1911 808 808 0 0 0 0 0 0 1 1 0 0
294 1 1 1852 1852 809 809 0 0 0 0 0 0 1 1 0 0
296 1 1 1479 1479 810 810 0 0 0 0 0 0 1 1 0 0
298 1 1 1851 1851 810 810 0 0 0 0 0 0 1 1 0 0
307 1 1 1915 1915 813 813 0 0 0 0 0 0 1 1 0 0
323 1 1 1882 1882 821 821 0 0 0 0 0 0 1 1 0 0
341 1 1 1596 1596 832 832 0 0 0 0 0 0 1 1 0 0
344 1 1 1666 1666 833 833 0 0 0 0 0 0 1 1 0 0
349 1 1 1628 1628 841 841 0 0 0 0 0 0 1 1 0 0
357 1 1 1661 1661 884 884 0 0 0 0 0 0 1 1 0 0
364 1 1 1852 1852 988 988 0 0 0 0 0 0 1 1 0 0
365 1 1 963 963 996 996 0 0 0 0 0 0 1 1 0 0
374 1 1 1162 1162 1031 1031 0 0 0 0 0 0 1 1 0 0
