1 [1]
2 [1]
3 [1]
4 [1]
5 [1]
6 [1]
7 [1]
8 [1]
9 [1]
10 [1]
11 [1]
12 [1]
13 [1]
14 [1]
15 [1]
16 [1]
17 [1]
18 [1]
19 [1]
20 [1]
21 [1]
22 [1]
23 [1]
24 [1]
25 [1]
26 [1]
27 [1]
28 [1]
29 [1]
30 [30]
31 [1]
32 [30]
33 [1]
34 [30]
35 [1]
36 [30]
37 [1]
38 [30]
39 [1]
40 [1]
41 [30]
42 [30]
43 [1]
44 [30]
45 [1]
46 [30]
47 [30]
48 [1]
49 [30]
50 [30]
51 [1]
52 [30]
53 [1]
54 [30]
55 [1]
56 [30]
57 [1]
58 [1]
59 [30]
60 [1]
61 [30]
62 [1]
63 [30]
64 [30]
65 [1]
66 [30]
67 [1]
68 [30]
69 [1]
70 [30]
71 [1]
72 [30]
73 [30]
74 [1]
75 [1]
76 [30]
77 [1]
78 [30]
79 [30]
80 [1]
81 [30]
82 [1]
83 [30]
84 [1]
85 [30]
86 [1]
87 [30]
88 [1]
89 [30]
90 [1]
91 [30]
92 [1]
93 [1]
94 [30]
95 [1]
96 [1]
97 [1]
98 [30]
99 [1]
100 [1]
101 [1]
102 [30]
103 [1]
104 [30]
105 [1]
106 [30]
107 [30]
108 [1]
109 [30]
110 [30]
111 [30]
112 [112]
113 [30]
114 [30]
115 [30]
116 [30]
117 [30]
118 [30]
119 [30]
120 [30]
121 [30]
122 [30]
123 [30]
124 [124]
125 [30]
126 [30]
127 [30]
128 [30]
129 [30]
130 [30]
131 [30]
132 [30]
133 [30]
134 [30]
135 [30]
136 [30]
137 [30]
138 [138]
139 [30]
140 [30]
141 [30]
142 [30]
143 [143]
144 [30]
145 [30]
146 [30]
147 [147]
148 [30]
149 [149]
150 [30]
151 [151]
152 [151]
153 [153]
154 [153]
155 [153]
156 [156]
157 [157]
158 [158]
159 [159]
160 [160]
161 [159]
162 [162]
163 [163]
164 [164]
165 [159]
166 [159]
167 [159]
168 [159]
169 [169]
170 [162]
171 [171]
172 [172]
173 [173]
174 [173]
175 [172]
176 [172]
177 [177]
178 [173]
179 [172]
180 [173]
181 [181]
182 [182]
183 [183]
184 [184]
185 [182]
186 [184]
187 [187]
188 [188]
189 [189]
190 [190]
191 [191]
192 [189]
193 [193]
194 [194]
195 [195]
196 [184]
197 [189]
198 [195]
199 [199]
200 [190]
201 [201]
202 [202]
203 [203]
204 [203]
205 [205]
206 [203]
207 [207]
208 [207]
209 [209]
210 [184]
211 [211]
212 [212]
213 [184]
214 [214]
215 [215]
216 [216]
217 [215]
218 [218]
219 [215]
220 [220]
221 [221]
222 [222]
223 [223]
224 [223]
225 [223]
226 [226]
227 [226]
228 [228]
229 [228]
230 [228]
231 [231]
232 [232]
233 [232]
234 [223]
235 [235]
236 [223]
237 [237]
238 [238]
239 [237]
240 [232]
241 [235]
242 [238]
243 [237]
244 [232]
245 [245]
246 [246]
247 [223]
248 [246]
249 [249]
250 [250]
251 [251]
252 [232]
253 [253]
254 [249]
255 [249]
256 [249]
257 [257]
258 [257]
259 [259]
260 [260]
261 [261]
262 [261]
263 [263]
264 [264]
265 [264]
266 [266]
267 [266]
268 [268]
269 [266]
270 [270]
271 [271]
272 [272]
273 [273]
274 [273]
275 [273]
276 [263]
277 [273]
278 [278]
279 [279]
280 [279]
281 [281]
282 [282]
283 [263]
284 [284]
285 [285]
286 [285]
287 [287]
288 [288]
289 [289]
290 [290]
291 [291]
292 [292]
293 [285]
294 [294]
295 [295]
296 [296]
297 [285]
298 [298]
299 [299]
300 [300]
301 [301]
302 [299]
303 [303]
304 [291]
305 [300]
306 [306]
307 [307]
308 [301]
309 [309]
310 [303]
311 [291]
312 [303]
313 [313]
314 [313]
315 [315]
316 [316]
317 [315]
318 [316]
319 [319]
320 [316]
321 [316]
322 [319]
323 [323]
324 [316]
325 [285]
326 [319]
327 [316]
328 [301]
329 [319]
330 [316]
331 [316]
332 [319]
333 [333]
334 [334]
335 [333]
336 [336]
337 [337]
338 [334]
339 [334]
340 [340]
341 [341]
342 [342]
343 [343]
344 [344]
345 [334]
346 [334]
347 [347]
348 [347]
349 [349]
350 [350]
351 [350]
352 [352]
353 [353]
354 [350]
355 [355]
356 [355]
357 [357]
358 [358]
359 [359]
360 [359]
361 [361]
362 [361]
363 [363]
364 [364]
365 [365]
366 [366]
367 [366]
368 [366]
369 [366]
370 [370]
371 [370]
372 [370]
373 [373]
374 [374]
375 [373]
376 [1]
377 [1]
378 [378]
379 [378]
380 [355]
381 [381]
382 [1]
383 [1]
384 [1]
385 [1]
386 [378]
387 [378]
388 [388]
389 [381]
390 [1]
391 [1]
392 [355]
393 [393]
394 [1]
395 [1]
396 [378]
397 [397]
398 [1]
399 [1]
400 [1]
401 [401]
402 [1]
403 [1]
404 [404]
405 [405]
406 [261]
407 [1]
408 [1]
409 [404]
410 [378]
411 [411]
412 [412]
413 [355]
414 [261]
415 [1]
416 [404]
417 [417]
418 [355]
419 [404]
420 [261]
421 [1]
422 [422]
423 [404]
424 [355]
425 [1]
426 [1]
427 [404]
428 [428]
429 [261]
430 [1]
431 [404]
432 [432]
433 [355]
434 [404]
435 [435]
436 [436]
437 [437]
438 [1]
439 [404]
440 [404]
441 [441]
442 [437]
443 [1]
444 [404]
445 [404]
446 [446]
447 [447]
448 [448]
449 [1]
450 [1]
451 [404]
452 [404]
453 [453]
454 [454]
455 [1]
456 [456]
457 [1]
458 [1]
459 [404]
460 [460]
461 [1]
462 [404]
463 [463]
464 [464]
465 [465]
466 [1]
467 [1]
468 [404]
469 [469]
470 [464]
471 [464]
472 [261]
473 [473]
474 [1]
475 [1]
476 [404]
477 [477]
478 [478]
479 [469]
480 [464]
481 [464]
482 [1]
483 [1]
484 [404]
485 [404]
486 [486]
487 [487]
488 [464]
489 [404]
490 [404]
491 [1]
492 [404]
493 [493]
494 [1]
495 [404]
496 [496]
497 [497]
498 [487]
499 [464]
500 [404]
501 [501]
502 [469]
503 [503]
504 [1]
505 [404]
506 [506]
507 [507]
508 [487]
509 [487]
510 [1]
511 [404]
512 [487]
513 [487]
514 [514]
515 [1]
516 [1]
517 [404]
518 [404]
519 [519]
520 [520]
521 [1]
522 [404]
523 [404]
524 [524]
525 [404]
526 [404]
527 [527]
528 [528]
529 [519]
530 [530]
531 [1]
532 [404]
533 [404]
534 [527]
535 [535]
536 [536]
537 [530]
538 [404]
539 [404]
540 [540]
541 [541]
542 [464]
543 [404]
544 [540]
545 [404]
546 [535]
547 [547]
548 [548]
549 [1]
550 [404]
551 [551]
552 [552]
553 [553]
554 [530]
555 [1]
556 [404]
557 [551]
558 [558]
559 [464]
560 [1]
561 [561]
562 [1]
563 [404]
564 [552]
565 [565]
566 [566]
567 [567]
568 [530]
569 [464]
570 [1]
571 [571]
572 [1]
573 [1]
574 [404]
575 [551]
576 [576]
577 [577]
578 [578]
579 [464]
580 [1]
581 [1]
582 [1]
583 [404]
584 [584]
585 [577]
586 [464]
587 [464]
588 [588]
589 [1]
590 [590]
591 [591]
592 [592]
593 [1]
594 [1]
595 [1]
596 [404]
597 [597]
598 [541]
599 [464]
600 [1]
601 [404]
602 [602]
603 [603]
604 [604]
605 [464]
606 [1]
607 [404]
608 [608]
609 [609]
610 [1]
611 [1]
612 [1]
613 [404]
614 [404]
615 [615]
616 [608]
617 [617]
618 [1]
619 [1]
620 [1]
621 [1]
622 [404]
623 [623]
624 [404]
625 [625]
626 [626]
627 [627]
628 [1]
629 [404]
630 [404]
631 [625]
632 [632]
633 [633]
634 [627]
635 [1]
636 [636]
637 [1]
638 [633]
639 [627]
640 [1]
641 [1]
642 [1]
643 [636]
644 [404]
645 [404]
646 [1]
647 [647]
648 [404]
649 [1]
650 [1]
651 [1]
652 [1]
653 [1]
654 [404]
655 [655]
656 [1]
657 [1]
658 [1]
659 [1]
660 [404]
661 [661]
662 [1]
663 [1]
664 [627]
665 [1]
666 [404]
667 [404]
668 [668]
669 [404]
670 [670]
671 [1]
672 [404]
673 [670]
674 [1]
675 [627]
676 [676]
677 [677]
678 [1]
679 [1]
680 [1]
681 [1]
682 [677]
683 [1]
684 [684]
685 [1]
686 [1]
687 [1]
688 [404]
689 [676]
690 [1]
691 [691]
692 [404]
693 [404]
694 [694]
695 [1]
696 [1]
697 [697]
698 [697]
699 [1]
700 [700]
701 [701]
702 [702]
703 [1]
704 [700]
705 [705]
706 [404]
707 [700]
708 [700]
709 [700]
710 [700]
711 [700]
712 [1]
713 [713]
714 [714]
715 [715]
716 [1]
717 [700]
718 [718]
719 [700]
720 [720]
721 [721]
722 [722]
723 [701]
724 [724]
725 [1]
726 [726]
727 [727]
728 [714]
729 [720]
730 [701]
731 [731]
732 [732]
733 [733]
734 [734]
735 [735]
736 [736]
737 [701]
738 [735]
739 [700]
740 [700]
741 [741]
742 [404]
743 [714]
744 [744]
745 [745]
746 [746]
747 [747]
748 [714]
749 [749]
750 [750]
751 [746]
752 [404]
753 [753]
754 [754]
755 [755]
756 [756]
757 [756]
758 [735]
759 [746]
760 [404]
761 [761]
762 [762]
763 [763]
764 [764]
765 [701]
766 [756]
767 [756]
768 [768]
769 [746]
770 [770]
771 [714]
772 [772]
773 [773]
774 [774]
775 [775]
776 [776]
777 [756]
778 [778]
779 [779]
780 [780]
781 [714]
782 [774]
783 [779]
784 [404]
785 [785]
786 [770]
787 [787]
788 [788]
789 [735]
790 [790]
791 [787]
792 [792]
793 [793]
794 [756]
795 [795]
796 [796]
797 [797]
798 [798]
799 [779]
800 [404]
801 [801]
802 [701]
803 [756]
804 [804]
805 [805]
806 [806]
807 [807]
808 [808]
809 [798]
810 [756]
811 [804]
812 [812]
813 [813]
814 [797]
815 [404]
816 [816]
817 [817]
818 [818]
819 [819]
820 [404]
821 [821]
822 [822]
823 [823]
824 [824]
825 [825]
826 [826]
827 [827]
828 [828]
829 [829]
830 [830]
831 [831]
832 [832]
833 [756]
834 [834]
835 [835]
836 [828]
837 [828]
838 [828]
839 [828]
840 [828]
841 [841]
842 [842]
843 [843]
844 [835]
845 [845]
846 [828]
847 [823]
848 [848]
849 [849]
850 [850]
851 [832]
852 [852]
853 [853]
854 [828]
855 [404]
856 [856]
857 [843]
858 [848]
859 [859]
860 [860]
861 [861]
862 [862]
863 [863]
864 [848]
865 [865]
866 [866]
867 [867]
868 [868]
869 [853]
870 [870]
871 [848]
872 [872]
873 [832]
874 [874]
875 [875]
876 [876]
877 [877]
878 [832]
879 [874]
880 [880]
881 [853]
882 [882]
883 [883]
884 [828]
885 [875]
886 [886]
887 [887]
888 [888]
889 [889]
890 [890]
891 [891]
892 [892]
893 [893]
894 [893]
895 [853]
896 [853]
897 [897]
898 [898]
899 [899]
900 [900]
901 [893]
902 [902]
903 [903]
904 [904]
905 [848]
906 [906]
907 [907]
908 [893]
909 [893]
910 [910]
911 [853]
912 [912]
913 [913]
914 [907]
915 [915]
916 [912]
917 [917]
918 [918]
919 [919]
920 [907]
921 [907]
922 [907]
923 [893]
924 [924]
925 [925]
926 [926]
927 [907]
928 [928]
929 [929]
930 [924]
931 [931]
932 [926]
933 [907]
934 [907]
935 [907]
936 [936]
937 [937]
938 [938]
939 [939]
940 [940]
941 [941]
942 [931]
943 [943]
944 [944]
945 [926]
946 [946]
947 [907]
948 [907]
949 [949]
950 [950]
951 [951]
952 [951]
953 [953]
954 [954]
955 [955]
956 [956]
957 [941]
958 [946]
959 [907]
960 [960]
961 [954]
962 [962]
963 [963]
964 [964]
965 [965]
966 [966]
967 [907]
968 [968]
969 [969]
970 [970]
971 [963]
972 [972]
973 [965]
974 [907]
975 [969]
976 [976]
977 [977]
978 [978]
979 [963]
980 [980]
981 [981]
982 [982]
983 [983]
984 [946]
985 [951]
986 [986]
987 [987]
988 [988]
989 [989]
990 [926]
991 [991]
992 [946]
993 [946]
994 [994]
995 [995]
996 [996]
997 [997]
998 [998]
999 [999]
1000 [1000]
1001 [1001]
1002 [1002]
1003 [404]
1004 [1004]
1005 [946]
1006 [946]
1007 [1007]
1008 [1008]
1009 [404]
1010 [1010]
1011 [1011]
1012 [946]
1013 [1013]
1014 [1014]
1015 [1015]
1016 [1016]
1017 [1017]
1018 [1018]
1019 [1013]
1020 [1020]
1021 [1021]
1022 [1014]
1023 [1023]
1024 [1024]
1025 [1025]
1026 [1026]
1027 [1017]
1028 [1007]
1029 [1029]
1030 [1030]
1031 [1031]
1032 [1032]
1033 [1033]
1034 [1034]
1035 [1035]
1036 [1035]
1037 [1037]
1038 [1038]
1039 [1011]
1040 [946]
1041 [946]
1042 [1042]
1043 [1043]
1044 [1044]
1045 [1045]
1046 [1045]
1047 [1045]
1048 [1048]
1049 [1035]
1050 [1038]
1051 [1051]
1052 [1052]
1053 [1011]
1054 [1054]
1055 [1055]
1056 [1056]
1057 [1057]
1058 [1058]
1059 [1059]
1060 [1060]
1061 [1038]
1062 [1062]
1063 [1063]
1064 [1064]
1065 [1052]
1066 [946]
1067 [946]
1068 [1068]
1069 [1045]
1070 [1045]
1071 [1071]
1072 [1072]
1073 [1073]
1074 [1060]
1075 [1075]
1076 [1062]
1077 [1052]
1078 [946]
1079 [946]
1080 [946]
1081 [1045]
1082 [1045]
1083 [1038]
1084 [1063]
1085 [1085]
1086 [1052]
1087 [1087]
1088 [1088]
1089 [1045]
1090 [1045]
1091 [1045]
1092 [1045]
1093 [1093]
1094 [1094]
1095 [1095]
1096 [946]
1097 [1068]
1098 [1060]
1099 [1099]
1100 [1100]
1101 [1052]
1102 [1102]
1103 [1103]
1104 [1104]
1105 [1052]
1106 [1106]
1107 [946]
1108 [1102]
1109 [1109]
1110 [1110]
1111 [1111]
1112 [1112]
1113 [404]
1114 [1052]
1115 [1115]
1116 [946]
1117 [1102]
1118 [1045]
1119 [1119]
1120 [1120]
1121 [1121]
1122 [1122]
1123 [404]
1124 [1052]
1125 [946]
1126 [1102]
1127 [1045]
1128 [1128]
1129 [1129]
1130 [1060]
1131 [1131]
1132 [1132]
1133 [1038]
1134 [1134]
1135 [1135]
1136 [1136]
1137 [404]
1138 [1045]
1139 [1045]
1140 [1140]
1141 [1128]
1142 [1060]
1143 [1143]
1144 [1144]
1145 [404]
1146 [1052]
1147 [1045]
1148 [1148]
1149 [1149]
1150 [1052]
1151 [946]
1152 [1152]
1153 [1153]
1154 [1154]
1155 [1052]
1156 [946]
1157 [1045]
1158 [1158]
1159 [1159]
1160 [1160]
1161 [404]
1162 [946]
1163 [1045]
1164 [1164]
1165 [1165]
1166 [1166]
1167 [1052]
1168 [1168]
1169 [1164]
1170 [1170]
1171 [1171]
1172 [1052]
1173 [1052]
1174 [1045]
1175 [1045]
1176 [1045]
1177 [1045]
1178 [1178]
1179 [1052]
1180 [1115]
1181 [946]
1182 [1045]
1183 [1183]
1184 [1052]
1185 [946]
1186 [946]
1187 [946]
1188 [1188]
1189 [1189]
1190 [1052]
1191 [1191]
1192 [1178]
1193 [1193]
1194 [1194]
1195 [1195]
1196 [1189]
1197 [1197]
1198 [1052]
1199 [1045]
1200 [1200]
1201 [1201]
1202 [1202]
1203 [1203]
1204 [1204]
1205 [1205]
1206 [1197]
1207 [1052]
1208 [1045]
1209 [1045]
1210 [1210]
1211 [1211]
1212 [1212]
1213 [1213]
1214 [1195]
1215 [1052]
1216 [1045]
1217 [1045]
1218 [1045]
1219 [1219]
1220 [1220]
1221 [1221]
1222 [1222]
1223 [1223]
1224 [1224]
1225 [946]
1226 [1045]
1227 [1045]
1228 [1045]
1229 [1045]
1230 [1045]
1231 [1045]
1232 [1045]
1233 [1233]
1234 [1234]
1235 [1235]
1236 [1045]
1237 [1045]
1238 [1238]
1239 [1239]
1240 [1240]
1241 [1045]
1242 [1045]
1243 [1243]
1244 [1052]
1245 [946]
1246 [1246]
1247 [1238]
1248 [1248]
1249 [1249]
1250 [1250]
1251 [1251]
1252 [946]
1253 [1253]
1254 [1045]
1255 [1045]
1256 [1256]
1257 [1045]
1258 [1238]
1259 [1259]
1260 [1249]
1261 [1261]
1262 [1261]
1263 [1263]
1264 [1264]
1265 [1265]
1266 [1266]
1267 [1267]
1268 [1045]
1269 [1045]
1270 [1045]
1271 [1271]
1272 [1272]
1273 [1249]
1274 [1274]
1275 [1275]
1276 [1045]
1277 [1045]
1278 [1045]
1279 [1279]
1280 [1280]
1281 [1281]
1282 [1282]
1283 [1261]
1284 [946]
1285 [1285]
1286 [1045]
1287 [1045]
1288 [1288]
1289 [1289]
1290 [1052]
1291 [1261]
1292 [1045]
1293 [1045]
1294 [1045]
1295 [1045]
1296 [1045]
1297 [1297]
1298 [1298]
1299 [1299]
1300 [1300]
1301 [1045]
1302 [1045]
1303 [1303]
1304 [1304]
1305 [1305]
1306 [1306]
1307 [1307]
1308 [1303]
1309 [1309]
1310 [1310]
1311 [1311]
1312 [1312]
1313 [1310]
1314 [1261]
1315 [1045]
1316 [1316]
1317 [1317]
1318 [1318]
1319 [1319]
1320 [1261]
1321 [1261]
1322 [1045]
1323 [1045]
1324 [1324]
1325 [1325]
1326 [1326]
1327 [1327]
1328 [1052]
1329 [1310]
1330 [1330]
1331 [1261]
1332 [1045]
1333 [1312]
1334 [1324]
1335 [1327]
1336 [1310]
1337 [1045]
1338 [1338]
1339 [1339]
1340 [1340]
1341 [1341]
1342 [1342]
1343 [1326]
1344 [1344]
1345 [1345]
1346 [1346]
1347 [1045]
1348 [1339]
1349 [1339]
1350 [1341]
1351 [1351]
1352 [1351]
1353 [1342]
1354 [1317]
1355 [1318]
1356 [1045]
1357 [1341]
1358 [1358]
1359 [1351]
1360 [1326]
1361 [1341]
1362 [1341]
1363 [1341]
1364 [1342]
1365 [1365]
1366 [1366]
1367 [1367]
1368 [1368]
1369 [1369]
1370 [1370]
1371 [1371]
1372 [1372]
1373 [1342]
1374 [1374]
1375 [946]
1376 [1376]
1377 [946]
1378 [1341]
1379 [1318]
1380 [1045]
1381 [1381]
1382 [1382]
1383 [1383]
1384 [1261]
1385 [1045]
1386 [1386]
1387 [1387]
1388 [1388]
1389 [1261]
1390 [1390]
1391 [1391]
1392 [1392]
1393 [1045]
1394 [1045]
1395 [1339]
1396 [1396]
1397 [1397]
1398 [1398]
1399 [1045]
1400 [1045]
1401 [1401]
1402 [1396]
1403 [1397]
1404 [1404]
1405 [1404]
1406 [1398]
1407 [1407]
1408 [1045]
1409 [1045]
1410 [1045]
1411 [1396]
1412 [1396]
1413 [1397]
1414 [1414]
1415 [1398]
1416 [1416]
1417 [1045]
1418 [1045]
1419 [1045]
1420 [1420]
1421 [1421]
1422 [1396]
1423 [1396]
1424 [1396]
1425 [1397]
1426 [1426]
1427 [1427]
1428 [1045]
1429 [1045]
1430 [1430]
1431 [1396]
1432 [1397]
1433 [1433]
1434 [946]
1435 [1045]
1436 [1436]
1437 [1436]
1438 [1436]
1439 [1397]
1440 [1045]
1441 [1441]
1442 [1442]
1443 [1442]
1444 [1045]
1445 [1436]
1446 [1442]
1447 [1045]
1448 [1341]
1449 [1449]
1450 [1442]
1451 [1451]
1452 [1452]
1453 [1442]
1454 [1451]
1455 [1452]
1456 [1449]
1457 [1442]
1458 [1045]
1459 [1045]
1460 [1045]
1461 [1396]
1462 [1045]
1463 [1451]
1464 [1464]
1465 [1465]
1466 [1045]
1467 [1396]
1468 [1468]
1469 [1045]
1470 [1396]
1471 [1471]
1472 [1472]
1473 [1468]
1474 [1442]
1475 [946]
1476 [1476]
1477 [1045]
1478 [1045]
1479 [1479]
1480 [946]
1481 [1471]
1482 [1471]
1483 [946]
1484 [1045]
1485 [1045]
1486 [1471]
1487 [1487]
1488 [946]
1489 [1045]
1490 [1045]
1491 [1471]
1492 [1492]
1493 [1493]
1494 [1045]
1495 [1045]
1496 [1496]
1497 [1471]
1498 [1492]
1499 [1499]
1500 [946]
1501 [1045]
1502 [1045]
1503 [946]
1504 [946]
1505 [1045]
1506 [1506]
1507 [1045]
1508 [1471]
1509 [946]
1510 [1045]
1511 [1045]
1512 [1493]
1513 [946]
1514 [1045]
1515 [1045]
1516 [1471]
1517 [1045]
1518 [1045]
1519 [1471]
1520 [1520]
1521 [946]
1522 [1045]
1523 [1045]
1524 [1492]
1525 [1525]
1526 [946]
1527 [946]
1528 [1045]
1529 [1529]
1530 [1530]
1531 [1045]
1532 [1045]
1533 [1492]
1534 [1045]
1535 [1525]
1536 [1536]
1537 [1045]
1538 [1045]
1539 [1471]
1540 [1540]
1541 [1492]
1542 [1045]
1543 [1471]
1544 [1471]
1545 [1540]
1546 [1546]
1547 [1045]
1548 [1045]
1549 [1471]
1550 [1471]
1551 [1551]
1552 [1045]
1553 [1471]
1554 [1540]
1555 [1045]
1556 [1556]
1557 [1045]
1558 [1556]
1559 [1559]
1560 [1045]
1561 [1045]
1562 [1559]
1563 [1045]
1564 [1045]
1565 [1565]
1566 [1566]
1567 [1567]
1568 [1568]
1569 [1045]
1570 [1570]
1571 [1471]
1572 [1565]
1573 [1573]
1574 [1045]
1575 [1575]
1576 [1576]
1577 [1577]
1578 [1045]
1579 [1045]
1580 [1580]
1581 [1045]
1582 [1045]
1583 [1556]
1584 [946]
1585 [1585]
1586 [1045]
1587 [1587]
1588 [1588]
1589 [1589]
1590 [1590]
1591 [946]
1592 [1045]
1593 [1587]
1594 [1594]
1595 [1589]
1596 [946]
1597 [1045]
1598 [1045]
1599 [1588]
1600 [1589]
1601 [946]
1602 [1045]
1603 [1603]
1604 [1588]
1605 [1594]
1606 [1594]
1607 [1589]
1608 [1590]
1609 [1609]
1610 [1610]
1611 [1471]
1612 [1603]
1613 [1588]
1614 [1614]
1615 [1594]
1616 [1556]
1617 [1617]
1618 [1603]
1619 [1619]
1620 [1619]
1621 [1621]
1622 [1614]
1623 [1594]
1624 [1619]
1625 [1619]
1626 [1626]
1627 [1614]
1628 [1594]
1629 [1629]
1630 [1619]
1631 [1619]
1632 [1619]
1633 [1588]
1634 [1626]
1635 [1614]
1636 [1594]
1637 [1629]
1638 [1629]
1639 [946]
1640 [946]
1641 [1619]
1642 [1588]
1643 [1626]
1644 [1629]
1645 [1603]
1646 [1619]
1647 [1471]
1648 [1588]
1649 [1588]
1650 [1629]
1651 [946]
1652 [1588]
1653 [1653]
1654 [1629]
1655 [1655]
1656 [946]
1657 [1657]
1658 [1658]
1659 [1659]
1660 [1657]
1661 [1661]
1662 [1619]
1663 [1663]
1664 [1664]
1665 [946]
1666 [1666]
1667 [1619]
1668 [1619]
1669 [1471]
1670 [946]
1671 [1619]
1672 [1619]
1673 [1471]
1674 [1674]
1675 [1675]
1676 [1629]
1677 [1677]
1678 [946]
1679 [1679]
1680 [1619]
1681 [1681]
1682 [1682]
1683 [1629]
1684 [1677]
1685 [1685]
1686 [1686]
1687 [1619]
1688 [1688]
1689 [1689]
1690 [1556]
1691 [1691]
1692 [1619]
1693 [1693]
1694 [1471]
1695 [1689]
1696 [1556]
1697 [1691]
1698 [1619]
1699 [1556]
1700 [1556]
1701 [1556]
1702 [1619]
1703 [1703]
1704 [1682]
1705 [1682]
1706 [1556]
1707 [1556]
1708 [1619]
1709 [1619]
1710 [1471]
1711 [1682]
1712 [1682]
1713 [1713]
1714 [1556]
1715 [1715]
1716 [1619]
1717 [1619]
1718 [1718]
1719 [1471]
1720 [1720]
1721 [1682]
1722 [1713]
1723 [1556]
1724 [1724]
1725 [1619]
1726 [1471]
1727 [1727]
1728 [1682]
1729 [1713]
1730 [1619]
1731 [1619]
1732 [1718]
1733 [1733]
1734 [1734]
1735 [1735]
1736 [1713]
1737 [1556]
1738 [1471]
1739 [1739]
1740 [1740]
1741 [1741]
1742 [1742]
1743 [1619]
1744 [1744]
1745 [1745]
1746 [1471]
1747 [1747]
1748 [1748]
1749 [1556]
1750 [1750]
1751 [1619]
1752 [1619]
1753 [1619]
1754 [1619]
1755 [1619]
1756 [1619]
1757 [1744]
1758 [1745]
1759 [1471]
1760 [1747]
1761 [1748]
1762 [1619]
1763 [1619]
1764 [1619]
1765 [1471]
1766 [1766]
1767 [1747]
1768 [1768]
1769 [1619]
1770 [1744]
1771 [1471]
1772 [1471]
1773 [1773]
1774 [1768]
1775 [1744]
1776 [1744]
1777 [1471]
1778 [1778]
1779 [1768]
1780 [1750]
1781 [1619]
1782 [1619]
1783 [1744]
1784 [1744]
1785 [1744]
1786 [1471]
1787 [1619]
1788 [1744]
1789 [1471]
1790 [1778]
1791 [1750]
1792 [1619]
1793 [1619]
1794 [1744]
1795 [1471]
1796 [1471]
1797 [1797]
1798 [1768]
1799 [1750]
1800 [1619]
1801 [1619]
1802 [1619]
1803 [1744]
1804 [1619]
1805 [1471]
1806 [1806]
1807 [1768]
1808 [1619]
1809 [1744]
1810 [1744]
1811 [1471]
1812 [1471]
1813 [1813]
1814 [1619]
1815 [1744]
1816 [1471]
1817 [1471]
1818 [1813]
1819 [1619]
1820 [1619]
1821 [1619]
1822 [1744]
1823 [1744]
1824 [1471]
1825 [1825]
1826 [1619]
1827 [1619]
1828 [1619]
1829 [1619]
1830 [1744]
1831 [1831]
1832 [1825]
1833 [1833]
1834 [1834]
1835 [1835]
1836 [1619]
1837 [1744]
1838 [1471]
1839 [1839]
1840 [1619]
1841 [1744]
1842 [1842]
1843 [1619]
1844 [1619]
1845 [1744]
1846 [1750]
1847 [1619]
1848 [1848]
1849 [1849]
1850 [1750]
1851 [1744]
1852 [1744]
1853 [1744]
1854 [1849]
1855 [1619]
1856 [1744]
1857 [1857]
1858 [1744]
1859 [1744]
1860 [1744]
1861 [1744]
1862 [1862]
1863 [1863]
1864 [1768]
1865 [1744]
1866 [1744]
1867 [1744]
1868 [1744]
1869 [1471]
1870 [1862]
1871 [1871]
1872 [1768]
1873 [1873]
1874 [1874]
1875 [1874]
1876 [1744]
1877 [1744]
1878 [1744]
1879 [1744]
1880 [1862]
1881 [1881]
1882 [1874]
1883 [1744]
1884 [1744]
1885 [1744]
1886 [1744]
1887 [1887]
1888 [1873]
1889 [1619]
1890 [1619]
1891 [1619]
1892 [1874]
1893 [1744]
1894 [1894]
1895 [1842]
1896 [1619]
1897 [1744]
1898 [1898]
1899 [1899]
1900 [1619]
1901 [1744]
1902 [1744]
1903 [1903]
1904 [1904]
1905 [1899]
1906 [1899]
1907 [1904]
1908 [1744]
1909 [1899]
1910 [1619]
1911 [1619]
1912 [1912]
1913 [1913]
1914 [1914]
1915 [1619]
1916 [1916]
1917 [1744]
1918 [1914]
1919 [1619]
1920 [1920]
1921 [1744]
1922 [1744]
1923 [1744]
1924 [1920]
1925 [1925]
1926 [1914]
1927 [1927]
1928 [1744]
1929 [1929]
1930 [1930]
1931 [1931]
1932 [1914]
1933 [1619]
1934 [1744]
1935 [1744]
1936 [1744]
1937 [1744]
1938 [1899]
1939 [1744]
1940 [1744]
1941 [1941]
1942 [1899]
1943 [1929]
1944 [1941]
1945 [1945]
1946 [1899]
1947 [1619]
1948 [1948]
1949 [1949]
1950 [1950]
1951 [1941]
1952 [1952]
1953 [1768]
1954 [1899]
1955 [1899]
1956 [1619]
1957 [1744]
1958 [1744]
1959 [1929]
1960 [1941]
1961 [1768]
1962 [1952]
1963 [1899]
1964 [1964]
1965 [1965]
1966 [1965]
1967 [1967]
1968 [1968]
1969 [1899]
1970 [1965]
1971 [1619]
1972 [1972]
1973 [1973]
1974 [1974]
1975 [1768]
1976 [1974]
1977 [1977]
1978 [1978]
1979 [1744]
1980 [1980]
1981 [1980]
1982 [1982]
1983 [1619]
1984 [1619]
1985 [1985]
1986 [1986]
1987 [1987]
1988 [1619]
1989 [1987]
1990 [1619]
1991 [1744]
1992 [1744]
1993 [1993]
1994 [1899]
1995 [1619]
1996 [1619]
1997 [1744]
1998 [1980]
1999 [1980]
2000 [1993]
2001 [2001]
2002 [1899]
2003 [1619]
2004 [1744]
2005 [1744]
2006 [1980]
2007 [1993]
2008 [1744]
2009 [1744]
2010 [2010]
2011 [1744]
2012 [2012]
2013 [2013]
2014 [2010]
2015 [2010]
2016 [1980]
2017 [2010]
2018 [2018]
2019 [2010]
2020 [2010]
2021 [1619]
2022 [2022]
2023 [2023]
2024 [1980]
2025 [2010]
2026 [2010]
2027 [1619]
2028 [1619]
2029 [1619]
2030 [1980]
2031 [2010]
2032 [1744]
2033 [1980]
2034 [2034]
2035 [1744]
2036 [1744]
2037 [1980]
2038 [1619]
2039 [2034]
2040 [2040]
2041 [2041]
2042 [1619]
2043 [1619]
2044 [2044]
2045 [2045]
2046 [2010]
2047 [2047]
2048 [1744]
2049 [2049]
2050 [2010]
2051 [1619]
2052 [2052]
2053 [1744]
2054 [2054]
2055 [2055]
2056 [2055]
2057 [2055]
2058 [2058]
2059 [2054]
2060 [2058]
2061 [2055]
2062 [2062]
2063 [2063]
2064 [2064]
2065 [2063]
2066 [1619]
2067 [2067]
2068 [2068]
2069 [2067]
2070 [2068]
2071 [2071]
2072 [2072]
2073 [2067]
2074 [2067]
2075 [2075]
2076 [2076]
2077 [2067]
2078 [2067]
2079 [1619]
2080 [2080]
2081 [2067]
2082 [2082]
2083 [2083]
2084 [2084]
2085 [2082]
2086 [1744]
2087 [2082]
2088 [2080]
2089 [1619]
2090 [1744]
2091 [2082]
2092 [2092]
2093 [2093]
2094 [1744]
2095 [2082]
2096 [2096]
2097 [2097]
2098 [2098]
2099 [2099]
2100 [1619]
2101 [2093]
2102 [2082]
2103 [2098]
2104 [2104]
2105 [2105]
2106 [2106]
2107 [2093]
2108 [2108]
2109 [2082]
2110 [2099]
2111 [2111]
2112 [2112]
2113 [2113]
2114 [2067]
2115 [2099]
2116 [2067]
2117 [2067]
2118 [2118]
2119 [2119]
2120 [2099]
2121 [2121]
2122 [2082]
2123 [2096]
2124 [2124]
2125 [2125]
2126 [2126]
2127 [2125]
2128 [2099]
2129 [2129]
2130 [2130]
2131 [2125]
2132 [2132]
2133 [2133]
2134 [1619]
2135 [2135]
2136 [2129]
2137 [2099]
2138 [2135]
2139 [2133]
2140 [2140]
2141 [2141]
2142 [2142]
2143 [2143]
2144 [2144]
2145 [2129]
2146 [1619]
2147 [2147]
2148 [2148]
2149 [2149]
2150 [2129]
2151 [2133]
2152 [2152]
2153 [2153]
2154 [2154]
2155 [2133]
2156 [2156]
2157 [2157]
2158 [2158]
2159 [2158]
2160 [2160]
2161 [1619]
2162 [2162]
2163 [2163]
2164 [2158]
2165 [2165]
2166 [2165]
2167 [2165]
2168 [2168]
2169 [2129]
2170 [2165]
2171 [2171]
2172 [2172]
2173 [2173]
2174 [2174]
2175 [2133]
2176 [2173]
2177 [2165]
2178 [2165]
2179 [2165]
2180 [2180]
2181 [2181]
2182 [2182]
2183 [2183]
2184 [2165]
2185 [2165]
2186 [2165]
2187 [1619]
2188 [2188]
2189 [2181]
2190 [2190]
2191 [2191]
2192 [2192]
2193 [2193]
2194 [2193]
2195 [2172]
2196 [1619]
2197 [2165]
2198 [2165]
2199 [1619]
2200 [1619]
2201 [2188]
2202 [2165]
2203 [2165]
2204 [2165]
2205 [2192]
2206 [2206]
2207 [2192]
2208 [2192]
2209 [2206]
2210 [2206]
2211 [1619]
2212 [2192]
2213 [2192]
2214 [1619]
2215 [2215]
2216 [2192]
2217 [2192]
2218 [2192]
2219 [2219]
2220 [1619]
2221 [2192]
2222 [2192]
2223 [2206]
2224 [1619]
2225 [2192]
2226 [2206]
2227 [1619]
2228 [1619]
2229 [1619]
2230 [1619]
2231 [1619]
2232 [1619]
2233 [1619]
2234 [1619]
2235 [1619]
2236 [2236]
2237 [1619]
2238 [1619]
2239 [2239]
2240 [2240]
2241 [2241]
2242 [1619]
2243 [2243]
2244 [2244]
2245 [2245]
2246 [2246]
2247 [2247]
2248 [2248]
2249 [2244]
2250 [2250]
2251 [2250]
2252 [2252]
2253 [2245]
2254 [2245]
2255 [2246]
2256 [2241]
2257 [2241]
2258 [2241]
2259 [2246]
2260 [2260]
2261 [2261]
2262 [2262]
2263 [2262]
2264 [2264]
2265 [2265]
2266 [2266]
2267 [2267]
2268 [2268]
2269 [2262]
2270 [2268]
2271 [2268]
2272 [2272]
2273 [2273]
2274 [2273]
2275 [2275]
2276 [2275]
2277 [2275]
2278 [1619]
2279 [1619]
2280 [2280]
2281 [2280]
2282 [2282]
2283 [2282]
2284 [2284]
2285 [2285]
2286 [2286]
2287 [2287]
2288 [2284]
2289 [2284]
2290 [2290]
2291 [2291]
2292 [2291]
2293 [2284]
2294 [2294]
2295 [2295]
2296 [2291]
2297 [2287]
2298 [2298]
2299 [2299]
2300 [2287]
2301 [2298]
2302 [2302]
2303 [2302]
2304 [2302]
2305 [2305]
2306 [2302]
2307 [2307]
2308 [2302]
2309 [2309]
2310 [2310]
2311 [2302]
2312 [2312]
2313 [2313]
2314 [2312]
2315 [2312]
2316 [2312]
2317 [2312]
2318 [2318]
2319 [2319]
2320 [2312]
2321 [2321]
2322 [2322]
2323 [2323]
2324 [2324]
2325 [2323]
2326 [2323]
2327 [2327]
2328 [2328]
2329 [2327]
2330 [2327]
2331 [2327]
2332 [2327]
2333 [2327]
2334 [2334]
2335 [2335]
2336 [2336]
2337 [2337]
2338 [2337]
2339 [2339]
2340 [2340]
2341 [2341]
2342 [2342]
2343 [2342]
2344 [2344]
2345 [2345]
2346 [2346]
2347 [2347]
2348 [2348]
2349 [2349]
2350 [2350]
2351 [2351]
2352 [2352]
2353 [2348]
2354 [2354]
2355 [2355]
2356 [2356]
2357 [2355]
2358 [2358]
2359 [2359]
2360 [2359]
2361 [2361]
2362 [2362]
2363 [2363]
2364 [2364]
2365 [2365]
2366 [2366]
2367 [2367]
2368 [2368]
2369 [2369]
2370 [2369]
