1 [1]
2 [1]
3 [1]
4 [1]
5 [1]
6 [1]
7 [1]
8 [1]
9 [1]
10 [1]
11 [1]
12 [1]
13 [1]
14 [1]
15 [1]
16 [1]
17 [17]
18 [18]
19 [19]
20 [19]
21 [21]
22 [22]
23 [23]
24 [24]
25 [24]
26 [24]
27 [24]
28 [24]
29 [29]
30 [30]
31 [31]
32 [24]
33 [33]
34 [34]
35 [1]
36 [1]
37 [1]
38 [1]
39 [1]
40 [1]
41 [1]
42 [1]
43 [1]
44 [1]
45 [1]
46 [1]
47 [1]
48 [1]
49 [1]
50 [1]
51 [51]
52 [51]
53 [51]
54 [51]
55 [51]
56 [56]
57 [51]
58 [58]
59 [58]
60 [58]
61 [61]
62 [61]
63 [61]
64 [61]
65 [65]
66 [65]
67 [65]
68 [68]
69 [68]
70 [68]
71 [68]
72 [72]
73 [72]
74 [72]
75 [72]
76 [72]
77 [72]
78 [72]
79 [68]
80 [80]
81 [72]
