1 [1]
2 [1]
3 [1]
4 [1]
5 [1]
6 [1]
7 [1]
8 [1]
9 [1]
10 [1]
11 [1]
12 [1]
13 [1]
14 [1]
15 [1]
16 [1]
17 [1]
18 [1]
19 [1]
20 [1]
21 [1]
22 [1]
23 [1]
24 [24]
25 [25]
26 [26]
27 [27]
28 [28]
29 [29]
30 [30]
31 [29]
32 [26]
33 [27]
34 [34]
35 [29]
36 [29]
37 [37]
38 [38]
39 [29]
40 [37]
41 [37]
42 [37]
43 [29]
44 [27]
45 [29]
46 [37]
47 [37]
48 [29]
49 [29]
50 [29]
51 [37]
52 [52]
53 [53]
54 [37]
55 [52]
56 [56]
57 [29]
58 [27]
59 [27]
60 [60]
61 [61]
62 [56]
63 [56]
64 [56]
65 [27]
66 [60]
67 [67]
68 [68]
69 [69]
70 [70]
71 [27]
72 [68]
73 [73]
74 [74]
75 [68]
76 [37]
77 [77]
78 [74]
79 [68]
80 [73]
81 [60]
82 [82]
83 [83]
84 [60]
85 [29]
86 [86]
87 [87]
88 [60]
89 [89]
90 [90]
91 [91]
92 [27]
93 [91]
94 [94]
95 [95]
96 [96]
97 [96]
98 [98]
99 [99]
100 [27]
101 [101]
102 [29]
103 [103]
104 [99]
105 [105]
106 [106]
107 [107]
108 [29]
109 [109]
110 [60]
111 [111]
112 [112]
113 [113]
114 [114]
115 [115]
116 [116]
117 [114]
118 [60]
119 [119]
120 [120]
121 [121]
122 [122]
123 [123]
124 [124]
125 [125]
126 [122]
127 [127]
128 [128]
129 [129]
130 [130]
131 [125]
132 [132]
133 [133]
134 [134]
135 [135]
136 [136]
137 [137]
138 [138]
139 [139]
140 [140]
141 [141]
142 [142]
143 [143]
144 [143]
145 [145]
146 [146]
147 [145]
148 [137]
149 [149]
150 [145]
151 [137]
152 [149]
153 [153]
154 [145]
155 [149]
156 [149]
157 [149]
158 [149]
159 [159]
160 [149]
161 [149]
162 [149]
163 [163]
164 [163]
165 [163]
166 [163]
167 [167]
168 [168]
169 [167]
170 [170]
171 [171]
172 [172]
173 [172]
174 [172]
175 [175]
176 [172]
177 [175]
178 [172]
179 [172]
180 [172]
181 [172]
182 [172]
183 [183]
184 [184]
185 [172]
186 [186]
187 [172]
188 [188]
189 [189]
190 [190]
191 [191]
192 [189]
193 [193]
194 [194]
195 [195]
196 [196]
197 [197]
198 [198]
199 [199]
200 [200]
201 [201]
202 [202]
203 [203]
204 [198]
205 [205]
206 [199]
207 [193]
208 [202]
209 [191]
210 [203]
211 [211]
212 [212]
213 [213]
214 [214]
215 [215]
216 [216]
217 [202]
218 [218]
219 [219]
220 [202]
221 [219]
222 [202]
223 [223]
224 [224]
225 [225]
226 [226]
227 [227]
228 [228]
229 [229]
230 [230]
231 [231]
232 [232]
233 [231]
234 [234]
235 [235]
236 [236]
237 [237]
238 [238]
239 [239]
240 [240]
241 [241]
242 [240]
243 [243]
244 [244]
245 [245]
246 [246]
247 [243]
248 [248]
249 [249]
250 [250]
251 [251]
252 [252]
253 [253]
254 [254]
255 [255]
256 [256]
