1 [1]
2 [2]
3 [2]
4 [2]
5 [2]
6 [2]
7 [2]
8 [2]
9 [2]
10 [2]
11 [2]
12 [2]
13 [2]
14 [2]
15 [2]
16 [2]
17 [2]
18 [2]
19 [2]
20 [2]
21 [2]
22 [2]
23 [2]
24 [2]
25 [2]
26 [2]
27 [27]
28 [27]
29 [2]
30 [27]
31 [2]
32 [2]
33 [27]
34 [2]
35 [27]
36 [2]
37 [27]
38 [27]
39 [2]
40 [27]
41 [27]
42 [2]
43 [27]
44 [2]
45 [27]
46 [2]
47 [2]
48 [27]
49 [2]
50 [2]
51 [27]
52 [27]
53 [2]
54 [2]
55 [27]
56 [2]
57 [27]
58 [2]
59 [27]
60 [2]
61 [27]
62 [27]
63 [2]
64 [2]
65 [27]
66 [2]
67 [27]
68 [2]
69 [27]
70 [27]
71 [27]
72 [2]
73 [27]
74 [2]
75 [2]
76 [27]
77 [2]
78 [27]
79 [2]
80 [27]
81 [2]
82 [27]
83 [27]
84 [2]
85 [27]
86 [86]
87 [2]
88 [27]
89 [2]
90 [2]
91 [2]
92 [2]
93 [2]
94 [27]
95 [2]
96 [2]
97 [27]
98 [2]
99 [27]
100 [2]
101 [27]
102 [2]
103 [27]
104 [2]
105 [27]
106 [2]
107 [27]
108 [2]
109 [27]
110 [110]
111 [111]
112 [27]
113 [111]
114 [111]
115 [111]
116 [27]
117 [111]
118 [111]
119 [119]
120 [27]
121 [111]
122 [111]
123 [119]
124 [124]
125 [27]
126 [111]
127 [111]
128 [119]
129 [27]
130 [111]
131 [111]
132 [111]
133 [111]
134 [111]
135 [111]
136 [27]
137 [111]
138 [111]
139 [139]
140 [27]
141 [27]
142 [27]
143 [27]
144 [27]
145 [27]
146 [27]
147 [27]
148 [27]
149 [27]
150 [150]
151 [27]
152 [152]
153 [27]
154 [152]
155 [27]
156 [152]
157 [27]
158 [152]
159 [27]
160 [152]
161 [27]
162 [27]
163 [152]
164 [152]
165 [27]
166 [152]
167 [27]
168 [27]
169 [152]
170 [27]
171 [152]
172 [152]
173 [27]
174 [27]
175 [27]
176 [27]
177 [152]
178 [27]
179 [27]
180 [27]
181 [152]
182 [27]
183 [27]
184 [152]
185 [185]
186 [185]
187 [27]
188 [152]
189 [152]
190 [190]
191 [191]
192 [152]
193 [185]
194 [190]
195 [152]
196 [27]
197 [152]
198 [152]
199 [27]
200 [152]
201 [111]
202 [111]
203 [111]
204 [204]
205 [111]
206 [111]
207 [111]
208 [111]
209 [209]
210 [111]
211 [111]
212 [111]
213 [111]
214 [214]
215 [111]
216 [111]
217 [217]
218 [111]
219 [217]
220 [111]
221 [111]
222 [217]
223 [111]
224 [111]
225 [111]
226 [111]
227 [111]
228 [111]
229 [111]
230 [111]
231 [111]
232 [111]
233 [111]
234 [234]
235 [111]
236 [111]
237 [111]
238 [111]
239 [111]
240 [111]
241 [111]
242 [111]
243 [111]
244 [111]
245 [111]
246 [111]
247 [111]
248 [111]
249 [111]
250 [111]
251 [111]
252 [111]
253 [111]
254 [111]
255 [111]
256 [111]
257 [257]
258 [111]
259 [111]
260 [257]
261 [261]
262 [111]
263 [111]
264 [111]
265 [111]
266 [111]
267 [257]
268 [111]
269 [111]
270 [111]
271 [111]
272 [257]
273 [111]
274 [111]
275 [257]
276 [111]
277 [111]
278 [278]
279 [111]
280 [280]
281 [111]
282 [282]
283 [111]
284 [111]
285 [111]
286 [111]
287 [111]
288 [111]
289 [111]
290 [111]
291 [111]
292 [292]
293 [111]
294 [111]
295 [111]
296 [111]
297 [297]
298 [111]
299 [299]
300 [111]
301 [299]
302 [111]
303 [299]
304 [111]
305 [299]
306 [111]
307 [111]
308 [308]
309 [309]
310 [111]
311 [111]
312 [312]
313 [111]
314 [111]
315 [111]
316 [111]
317 [317]
318 [111]
319 [111]
320 [320]
321 [321]
322 [111]
323 [323]
324 [324]
325 [325]
326 [111]
327 [327]
328 [325]
329 [329]
330 [330]
331 [331]
332 [111]
333 [111]
334 [334]
335 [111]
336 [111]
337 [330]
338 [338]
339 [339]
340 [330]
341 [111]
342 [342]
343 [330]
344 [111]
345 [330]
346 [111]
347 [111]
348 [342]
349 [111]
350 [111]
351 [351]
352 [111]
353 [111]
354 [354]
355 [111]
356 [111]
357 [111]
358 [111]
359 [111]
360 [111]
361 [111]
362 [111]
363 [111]
364 [111]
365 [111]
366 [366]
367 [366]
368 [111]
369 [111]
370 [370]
371 [111]
372 [111]
373 [373]
374 [111]
375 [111]
376 [111]
377 [377]
378 [377]
379 [111]
380 [380]
381 [377]
382 [111]
383 [111]
384 [384]
385 [385]
386 [380]
387 [387]
388 [111]
389 [111]
390 [111]
391 [111]
392 [111]
393 [111]
394 [387]
395 [111]
396 [111]
397 [111]
398 [398]
399 [399]
400 [111]
401 [401]
402 [111]
403 [111]
404 [111]
405 [111]
406 [111]
407 [111]
408 [408]
409 [409]
410 [410]
411 [111]
412 [111]
413 [111]
414 [111]
415 [415]
416 [416]
417 [417]
418 [111]
419 [111]
420 [111]
421 [421]
422 [422]
423 [111]
424 [111]
425 [111]
426 [111]
427 [427]
428 [111]
429 [111]
430 [111]
431 [111]
432 [317]
433 [387]
434 [111]
435 [111]
436 [111]
437 [317]
438 [387]
439 [427]
440 [427]
441 [427]
442 [427]
443 [111]
444 [427]
445 [427]
446 [111]
447 [111]
448 [111]
449 [449]
450 [111]
451 [111]
452 [427]
453 [427]
454 [454]
455 [111]
456 [427]
457 [454]
458 [427]
459 [454]
460 [460]
461 [461]
462 [461]
463 [427]
464 [464]
465 [465]
466 [454]
467 [467]
468 [468]
469 [469]
470 [470]
471 [427]
472 [427]
473 [111]
474 [387]
475 [470]
476 [111]
477 [427]
478 [111]
479 [479]
480 [480]
481 [481]
482 [482]
483 [427]
484 [484]
485 [485]
486 [486]
487 [487]
488 [488]
489 [489]
490 [490]
491 [491]
492 [492]
493 [486]
494 [494]
495 [495]
496 [496]
497 [111]
498 [498]
499 [499]
500 [427]
501 [498]
502 [502]
503 [503]
504 [427]
505 [427]
506 [498]
507 [427]
508 [427]
509 [427]
510 [427]
511 [427]
512 [427]
513 [427]
514 [514]
515 [111]
516 [427]
517 [517]
518 [518]
519 [427]
520 [427]
521 [427]
522 [522]
523 [523]
524 [427]
525 [427]
526 [427]
527 [527]
528 [427]
529 [427]
530 [427]
531 [427]
532 [532]
533 [427]
534 [534]
535 [427]
536 [427]
537 [537]
538 [538]
539 [427]
540 [427]
541 [541]
542 [538]
543 [427]
544 [544]
545 [538]
546 [427]
547 [427]
548 [544]
549 [549]
550 [538]
551 [544]
552 [552]
553 [544]
554 [427]
555 [427]
556 [556]
557 [557]
558 [427]
559 [427]
560 [556]
561 [561]
562 [557]
563 [427]
564 [544]
565 [565]
566 [544]
567 [567]
568 [565]
569 [569]
570 [427]
571 [567]
572 [572]
573 [573]
574 [427]
575 [565]
576 [572]
577 [577]
578 [427]
579 [579]
580 [427]
581 [427]
582 [427]
583 [427]
584 [584]
585 [427]
586 [427]
587 [584]
588 [427]
589 [589]
590 [590]
591 [589]
592 [592]
593 [593]
594 [594]
595 [595]
596 [593]
597 [597]
598 [593]
599 [599]
600 [595]
601 [601]
602 [602]
603 [603]
604 [604]
605 [605]
606 [606]
607 [607]
608 [608]
609 [609]
610 [610]
611 [608]
612 [610]
613 [610]
614 [610]
615 [615]
616 [616]
617 [617]
618 [616]
619 [619]
620 [620]
621 [621]
622 [621]
623 [623]
624 [624]
625 [625]
626 [626]
627 [627]
628 [628]
629 [629]
630 [627]
631 [629]
632 [629]
633 [633]
634 [627]
635 [627]
636 [627]
637 [627]
638 [627]
639 [627]
640 [627]
641 [627]
642 [627]
643 [627]
644 [627]
645 [645]
646 [627]
647 [627]
648 [627]
649 [627]
650 [650]
651 [651]
652 [627]
653 [627]
654 [627]
655 [655]
656 [656]
657 [657]
658 [658]
659 [627]
660 [660]
661 [661]
662 [627]
663 [663]
664 [664]
665 [627]
666 [627]
667 [627]
668 [627]
669 [627]
670 [627]
671 [627]
672 [627]
673 [627]
674 [674]
675 [627]
676 [676]
