STAGE: CCL_STATS
GOLDEN_LABELS: 882
RTL_LABELS: 882
MISSING_LABELS_IN_RTL: 0
EXTRA_LABELS_IN_RTL: 0
FIELD_MISMATCHES: 175
STATUS: FAIL

Field mismatches (label field golden rtl):
2 area 124886 124835
2 perimeter 6133 6125
2 xmin 326 325
2 xmax 1919 1918
25 area 90 135
25 perimeter 90 135
25 xmax 1 4095
117 area 6 7
117 perimeter 6 7
117 xmin 1066 1065
255 area 50 51
255 perimeter 28 29
312 area 29 37
312 perimeter 29 37
312 xmin 533 532
364 area 424 421
364 perimeter 152 149
364 xmin 257 256
364 xmax 325 324
375 xmin 180 179
375 xmax 256 255
390 area 390 389
390 perimeter 235 234
390 xmax 179 178
420 area 2750 2752
420 perimeter 765 767
436 area 28 22
436 perimeter 24 20
436 xmax 1919 1918
436 ymin 363 365
437 area 12 18
437 perimeter 12 18
437 xmax 1 4095
466 area 33 49
466 perimeter 33 49
466 xmax 1 4095
467 area 80 64
467 perimeter 37 35
467 xmax 1919 1918
474 area 2 3
474 perimeter 2 3
474 xmin 1906 1905
477 area 42 41
477 perimeter 31 30
477 xmax 1905 1904
502 area 366 364
502 perimeter 128 126
561 area 36 46
561 perimeter 36 46
561 xmax 1 4095
565 area 19 9
565 perimeter 18 9
565 xmax 1919 1918
565 ymax 476 474
581 perimeter 57 61
581 xmax 1919 4095
593 perimeter 24 25
593 xmax 1919 4095
599 area 26710 26704
599 perimeter 4393 4387
599 xmax 616 4095
608 area 45 41
608 perimeter 24 23
608 xmax 1919 1918
647 xmax 1919 4095
676 area 9 7
676 perimeter 9 7
676 xmax 1919 1918
677 area 4 6
677 perimeter 4 6
677 xmax 1 4095
748 area 127 132
748 perimeter 63 68
748 xmin 612 611
839 area 3191 3193
839 perimeter 961 963
868 area 491 493
868 perimeter 135 137
878 area 1446 1450
878 perimeter 356 360
897 area 160 153
897 perimeter 90 83
897 xmax 817 816
904 area 282 289
904 perimeter 114 121
904 xmin 818 817
924 area 1632 1629
924 perimeter 440 437
958 area 1988 1991
958 perimeter 404 407
994 area 79 80
994 perimeter 44 45
994 xmin 1012 1011
994 xmax 1025 1024
1023 area 436 435
1023 perimeter 194 193
1024 area 280 265
1024 perimeter 84 81
1024 xmax 1919 1918
1034 area 6 9
1034 perimeter 6 9
1034 xmax 1 4095
1057 area 306 307
1057 perimeter 121 122
1075 area 21 22
1075 perimeter 20 21
1096 area 24 36
1096 perimeter 24 36
1096 xmax 1 4095
1126 area 56 54
1126 perimeter 42 40
1126 xmax 769 768
1127 area 13 15
1127 perimeter 10 12
1127 xmin 770 769
1155 area 253 247
1155 perimeter 98 92
1155 xmax 910 909
1201 area 147 146
1201 perimeter 92 91
1221 area 9 12
1221 perimeter 9 12
1221 xmin 1288 1287
1288 area 2974 2970
1288 perimeter 577 573
1307 area 3896 3894
1307 perimeter 1003 1001
1309 area 3009 3001
1309 perimeter 953 945
1339 area 18 19
1339 perimeter 17 18
1531 area 43 50
1531 perimeter 37 44
1531 xmin 1019 1018
1597 area 650 649
1597 perimeter 300 299
1597 xmax 1278 1277
1681 area 57 58
1681 perimeter 35 36
1681 xmin 1279 1278
1693 area 3171 3169
1693 perimeter 670 668
1697 area 11 14
1697 perimeter 9 12
1697 xmin 552 551
1708 area 31 33
1708 perimeter 31 33
1708 xmin 1787 1786
1763 area 6 8
1763 perimeter 6 8
1763 xmin 564 563
1889 area 4189 4185
1889 perimeter 618 614
1893 area 3391 3398
1893 perimeter 628 635
1926 area 3308 3301
1926 perimeter 636 629
2080 area 135 134
2080 perimeter 78 77
2080 xmax 541 540
2108 area 85 86
2108 perimeter 41 42
2108 xmin 542 541
2116 area 36 40
2116 perimeter 28 32
2206 area 3692 3691
2206 perimeter 490 489
2231 area 178 179
2231 perimeter 71 72
2231 xmin 1742 1741
2240 area 53 60
2240 perimeter 30 37
2240 xmin 1787 1786
2241 area 92 85
2241 perimeter 69 62
