# label area perimeter xmin xmax ymin ymax width height spatial_area pass_area pass_dims pass_pix_area pass_aspect pass_circ pass_fill pass_fill_min
2 124886 6133 326 1919 2 208 1593 206 328158 0 1 1 0 0 1 1
599 26710 4393 0 616 514 742 616 228 140448 0 1 1 0 0 1 0
1889 4189 618 1577 1742 722 774 165 52 8580 1 1 1 0 1 1 1
1307 3896 1003 647 837 648 713 190 65 12350 1 1 1 0 0 1 1
2206 3692 490 1574 1741 793 834 167 41 6847 1 1 1 0 1 1 1
1893 3391 628 1067 1270 723 770 203 47 9541 1 1 1 0 1 1 1
1926 3308 636 977 1096 729 795 119 66 7854 1 1 1 1 1 1 1
839 3191 961 630 781 582 661 151 79 11929 1 1 1 0 0 1 1
1693 3171 670 1583 1792 692 720 209 28 5852 1 0 1 0 0 1 1
1309 3009 953 833 1018 648 721 185 73 13505 1 1 1 0 0 1 1
1288 2974 577 1059 1180 645 719 121 74 8954 1 1 1 0 1 1 1
420 2750 765 1322 1428 351 537 106 186 19716 1 1 1 0 0 1 0
958 1988 404 857 1011 603 639 154 36 5544 1 1 1 0 1 1 1
2070 1773 338 864 961 754 788 97 34 3298 1 1 1 0 1 1 1
924 1632 440 1284 1387 598 664 103 66 6798 1 1 1 0 1 1 1
878 1446 356 1115 1177 588 661 62 73 4526 1 1 1 1 1 1 1
2057 835 274 1724 1786 751 778 62 27 1674 1 0 1 0 1 1 1
1597 650 300 1214 1278 680 710 64 30 1920 1 0 1 0 0 1 1
414 637 153 898 970 343 354 72 11 792 1 0 1 0 1 0 1
1744 512 156 1813 1861 696 715 48 19 912 1 0 1 0 1 1 1
775 502 172 1571 1605 568 608 34 40 1360 1 1 1 1 1 1 1
1 491 98 707 736 2 24 29 22 638 1 0 1 1 1 0 1
868 491 135 1019 1055 587 620 36 33 1188 1 1 1 1 1 1 1
2096 448 167 625 661 759 792 36 33 1188 1 1 1 1 1 1 1
1023 436 194 1250 1291 616 642 41 26 1066 1 0 1 0 1 1 1
709 431 245 1410 1493 553 601 83 48 3984 1 1 1 0 0 1 0
364 424 152 257 325 202 215 68 13 884 1 0 1 0 1 1 1
390 390 235 59 179 223 242 120 19 2280 1 0 1 0 0 1 0
771 388 91 1547 1573 567 593 26 26 676 1 0 1 1 1 1 1
1576 375 197 1292 1350 677 699 58 22 1276 1 0 1 0 1 1 1
502 366 128 1331 1366 407 437 35 30 1050 1 0 1 1 1 1 1
739 362 192 1652 1719 559 592 67 33 2211 1 1 1 0 1 1 0
642 354 164 1111 1141 532 568 30 36 1080 1 0 1 1 1 1 1
1924 346 132 872 920 729 753 48 24 1152 1 0 1 0 1 1 1
2160 340 85 587 616 772 790 29 18 522 1 0 1 0 1 0 1
1057 306 121 1052 1096 620 638 44 18 792 1 0 0 0 1 1 1
375 296 158 180 256 211 223 76 12 912 1 0 0 0 1 1 1
1336 292 118 771 813 651 664 42 13 546 1 0 0 0 1 1 1
1386 292 87 1682 1701 655 677 19 22 418 1 0 0 1 1 0 1
904 282 114 818 860 595 612 42 17 714 1 0 0 0 1 1 1
1024 280 84 1899 1919 616 634 20 18 360 1 0 0 1 1 0 1
661 272 97 1547 1576 539 552 29 13 377 1 0 0 0 1 0 1
221 262 70 647 673 57 71 26 14 364 1 0 0 0 1 0 1
1155 253 98 879 910 632 646 31 14 434 1 0 0 0 1 1 1
766 228 62 1622 1640 565 581 18 16 288 0 0 0 1 1 0 1
1609 205 126 1772 1831 681 691 59 10 590 1 0 0 0 1 1 1
297 200 62 566 589 125 136 23 11 253 0 0 0 0 1 0 1
520 200 103 1866 1876 418 465 10 47 470 1 0 0 0 1 1 1
2144 189 89 842 863 767 793 21 26 546 1 0 0 1 1 1 1
1599 188 58 1682 1707 680 690 25 10 250 0 0 0 0 1 0 1
2262 188 119 707 751 922 935 44 13 572 1 0 0 0 1 1 1
27 187 88 969 994 3 18 25 15 375 1 0 0 0 1 1 1
8 184 57 1064 1085 2 14 21 12 252 0 0 0 0 1 0 1
2231 178 71 1742 1771 805 811 29 6 174 0 0 0 0 1 0 1
224 176 53 677 691 58 74 14 16 224 0 0 0 1 1 0 1
11 170 49 1202 1218 2 13 16 11 176 0 0 0 0 1 0 1
723 166 64 1536 1561 556 569 25 13 325 1 0 0 0 1 1 1
581 163 57 1898 1919 483 496 21 13 273 0 0 0 0 1 1 1
897 160 90 782 817 593 607 35 14 490 1 0 0 0 1 1 1
1173 155 54 1388 1400 633 655 12 22 264 0 0 0 0 1 1 1
1229 152 94 497 526 640 661 29 21 609 1 0 0 0 1 1 1
1201 147 92 1048 1081 637 653 33 16 528 1 0 0 0 1 1 1
2080 135 78 515 541 756 769 26 13 338 1 0 0 0 1 1 1
1284 133 45 752 766 645 659 14 14 196 0 0 0 1 1 0 1
249 131 51 583 604 76 87 21 11 231 0 0 0 0 1 1 1
711 130 74 1089 1101 554 579 12 25 300 1 0 0 0 1 1 1
748 127 63 612 623 562 585 11 23 253 0 0 0 0 1 1 1
1874 124 76 1712 1741 719 728 29 9 261 0 0 0 0 1 1 1
542 111 70 632 637 452 485 5 33 165 0 0 0 0 1 0 1
717 106 63 1743 1771 554 561 28 7 196 0 0 0 0 1 1 1
2125 103 65 1787 1816 763 766 29 3 87 0 0 0 0 1 0 1
70 93 62 1239 1256 9 25 17 16 272 0 0 0 1 1 1 1
2241 92 69 1772 1786 824 834 14 10 140 0 0 0 0 1 0 1
2247 91 48 1757 1771 834 844 14 10 140 0 0 0 0 1 0 1
25 90 90 0 1 3 47 1 44 44 0 0 0 0 1 0 1
983 89 53 377 391 609 619 14 10 140 0 0 0 0 1 0 1
493 88 76 636 640 403 440 4 37 148 0 0 0 0 1 1 1
2190 88 48 518 538 785 793 20 8 160 0 0 0 0 1 1 1
1070 86 51 627 634 621 642 7 21 147 0 0 0 0 1 1 1
2108 85 41 542 559 761 766 17 5 85 0 0 0 0 1 0 1
509 84 38 242 256 413 423 14 10 140 0 0 0 0 1 1 1
3 83 35 925 931 2 15 6 13 78 0 0 0 0 1 0 1
541 82 65 231 244 452 469 13 17 221 0 0 0 1 1 1 1
1981 82 52 1772 1786 737 746 14 9 126 0 0 0 0 1 0 1
467 80 37 1914 1919 385 400 5 15 75 0 0 0 0 1 0 1
994 79 44 1012 1025 610 620 13 10 130 0 0 0 1 1 0 1
1553 70 32 542 551 676 685 9 9 81 0 0 0 1 1 0 1
192 68 32 586 599 36 44 13 8 104 0 0 0 0 1 0 1
2143 66 33 658 674 767 772 16 5 80 0 0 0 0 1 0 1
1257 62 48 947 961 643 650 14 7 98 0 0 0 0 1 0 1
1500 62 51 1287 1311 669 673 24 4 96 0 0 0 0 1 0 1
193 61 33 707 721 36 40 14 4 56 0 0 0 0 1 0 1
2049 61 34 1877 1891 748 752 14 4 56 0 0 0 0 1 0 1
898 60 37 1683 1690 593 611 7 18 126 0 0 0 0 1 1 1
1970 60 49 429 436 736 755 7 19 133 0 0 0 0 1 1 1
2239 60 34 1742 1756 823 826 14 3 42 0 0 0 0 1 0 1
2267 59 31 617 628 925 931 11 6 66 0 0 0 0 1 0 1
532 58 38 303 321 432 440 18 8 144 0 0 0 0 1 1 1
1681 57 35 1279 1295 691 697 16 6 96 0 0 0 0 1 1 1
1126 56 42 752 769 628 633 17 5 85 0 0 0 0 1 0 1
1966 56 35 1787 1801 733 737 14 4 56 0 0 0 0 1 0 1
1030 54 32 1067 1081 617 620 14 3 42 0 0 0 0 1 0 1
584 53 42 630 633 486 508 3 22 66 0 0 0 0 1 0 1
2240 53 30 1787 1792 823 834 5 11 55 0 0 0 0 1 0 1
238 52 32 632 646 70 73 14 3 42 0 0 0 0 1 0 1
114 51 26 598 607 16 24 9 8 72 0 0 0 1 1 0 1
1965 51 31 1757 1771 733 736 14 3 42 0 0 0 0 1 0 1
255 50 28 687 692 80 92 5 12 60 0 0 0 0 1 0 1
968 49 23 334 342 605 611 8 6 48 0 0 0 1 1 0 1
601 48 33 628 632 514 530 4 16 64 0 0 0 0 1 0 1
2290 48 35 842 859 936 940 17 4 68 0 0 0 0 1 0 1
459 47 31 1899 1913 380 386 14 6 84 0 0 0 0 1 1 1
1906 47 31 1745 1756 726 733 11 7 77 0 0 0 0 1 0 1
543 46 26 1383 1389 453 462 6 9 54 0 0 0 0 1 0 1
1095 46 35 1730 1748 623 628 18 5 90 0 0 0 0 1 1 1
1650 46 33 173 185 688 700 12 12 144 0 0 0 1 1 1 1
608 45 24 1911 1919 517 524 8 7 56 0 0 0 1 1 0 1
1102 44 32 1123 1130 624 637 7 13 91 0 0 0 0 1 1 1
1550 44 30 1175 1186 675 683 11 8 88 0 0 0 0 1 1 1
1846 44 35 1271 1285 711 721 14 10 140 0 0 0 0 1 1 1
1196 43 35 1766 1780 636 643 14 7 98 0 0 0 0 1 1 1
1531 43 37 1019 1036 674 681 17 7 119 0 0 0 0 1 1 1
1873 43 29 1277 1287 719 727 10 8 80 0 0 0 1 1 1 1
477 42 31 1894 1905 394 401 11 7 77 0 0 0 0 1 1 1
944 41 29 1532 1545 600 604 13 4 52 0 0 0 0 1 0 1
1153 40 32 587 601 632 634 14 2 28 0 0 0 0 1 0 1
1560 40 29 1202 1214 676 683 12 7 84 0 0 0 0 1 1 1
1984 40 24 987 998 738 744 11 6 66 0 0 0 0 1 0 1
593 39 24 1908 1919 503 506 11 3 33 0 0 0 0 1 0 1
1177 38 20 1644 1651 634 640 7 6 42 0 0 0 1 1 0 1
513 36 35 1405 1409 414 439 4 25 100 0 0 0 0 1 1 1
561 36 36 0 1 467 486 1 19 19 0 0 0 0 1 0 1
1250 36 25 458 473 643 646 15 3 45 0 0 0 0 1 0 1
1262 36 23 1256 1259 643 653 3 10 30 0 0 0 0 1 0 1
2116 36 28 1714 1723 761 769 9 8 72 0 0 0 1 1 1 1
704 35 35 1165 1166 552 569 1 17 17 0 0 0 0 1 0 1
1341 35 30 952 961 651 660 9 9 81 0 0 0 1 1 1 1
409 33 19 34 42 242 246 8 4 32 0 0 0 0 1 0 1
466 33 33 0 1 385 401 1 16 16 0 0 0 0 1 0 1
807 33 24 1137 1139 576 586 2 10 20 0 0 0 0 1 0 1
1368 33 19 818 825 654 659 7 5 35 0 0 0 0 1 0 1
1444 33 29 1263 1279 663 666 16 3 48 0 0 0 0 1 0 1
2007 33 24 452 461 741 746 9 5 45 0 0 0 0 1 0 1
2323 33 31 1891 1906 966 969 15 3 45 0 0 0 0 1 0 1
917 32 22 289 298 598 601 9 3 27 0 0 0 0 1 0 1
1296 32 24 1250 1255 646 656 5 10 50 0 0 0 0 1 0 1
1335 32 31 632 646 651 653 14 2 28 0 0 0 0 1 0 1
1708 31 31 1787 1808 693 695 21 2 42 0 0 0 0 1 0 1
552 30 25 1890 1901 460 466 11 6 66 0 0 0 0 1 1 1
781 30 22 627 631 569 578 4 9 36 0 0 0 0 1 0 1
1158 30 17 938 946 632 636 8 4 32 0 0 0 0 1 0 1
2093 30 19 1277 1281 758 766 4 8 32 0 0 0 0 1 0 1
308 29 29 977 993 143 144 16 1 16 0 0 0 0 1 0 1
312 29 29 533 542 148 156 9 8 72 0 0 0 1 1 1 1
674 29 19 1772 1778 542 548 6 6 36 0 0 0 1 1 0 1
991 29 18 634 641 610 613 7 3 21 0 0 0 0 1 0 1
1578 29 18 1809 1816 677 680 7 3 21 0 0 0 0 1 0 1
1723 29 25 1897 1910 694 698 13 4 52 0 0 0 0 1 1 1
1726 29 28 1020 1036 695 697 16 2 32 0 0 0 0 1 0 1
2055 29 17 1810 1816 750 755 6 5 30 0 0 0 1 1 0 1
2129 29 18 685 691 764 769 6 5 30 0 0 0 1 1 0 1
436 28 24 1909 1919 363 370 10 7 70 0 0 0 0 1 1 1
1860 28 16 784 791 715 719 7 4 28 0 0 0 0 1 0 1
1940 28 16 1396 1401 731 736 5 5 25 0 0 0 1 1 0 1
652 27 23 1089 1091 536 547 2 11 22 0 0 0 0 1 0 1
855 27 19 347 351 586 593 4 7 28 0 0 0 0 1 0 1
1792 27 26 1277 1291 701 705 14 4 56 0 0 0 0 1 1 1
492 26 21 1871 1879 402 410 8 8 64 0 0 0 1 1 1 1
1277 26 23 1093 1098 644 653 5 9 45 0 0 0 0 1 1 1
2318 26 26 1652 1666 958 959 14 1 14 0 0 0 0 1 0 1
1372 25 15 1280 1284 654 659 4 5 20 0 0 0 1 1 0 1
2280 25 25 619 631 934 935 12 1 12 0 0 0 0 1 0 1
2316 25 24 1847 1861 957 959 14 2 28 0 0 0 0 1 0 1
476 24 21 1886 1891 394 402 5 8 40 0 0 0 0 1 1 1
1096 24 24 0 1 624 635 1 11 11 0 0 0 0 1 0 1
1159 24 17 1046 1051 632 636 5 4 20 0 0 0 1 1 0 1
1256 24 18 847 856 643 646 9 3 27 0 0 0 0 1 0 1
1736 24 16 827 831 696 701 4 5 20 0 0 0 1 1 0 1
2209 24 16 1397 1402 795 800 5 5 25 0 0 0 1 1 0 1
955 23 15 402 406 603 608 4 5 20 0 0 0 1 1 0 1
1214 23 18 1806 1816 638 641 10 3 30 0 0 0 0 1 0 1
1651 23 18 190 192 688 697 2 9 18 0 0 0 0 1 0 1
1816 22 14 689 694 706 710 5 4 20 0 0 0 1 1 0 1
2004 22 20 1254 1261 740 744 7 4 28 0 0 0 0 1 0 1
2179 22 14 1723 1726 778 783 3 5 15 0 0 0 0 1 0 1
2272 22 13 397 402 931 935 5 4 20 0 0 0 1 1 0 1
607 21 21 1405 1407 517 530 2 13 26 0 0 0 0 1 0 1
996 21 14 1288 1291 610 615 3 5 15 0 0 0 0 1 0 1
1075 21 20 1289 1295 621 630 6 9 54 0 0 0 0 1 1 1
1334 21 16 1790 1797 650 653 7 3 21 0 0 0 0 1 0 1
1450 21 14 806 811 664 667 5 3 15 0 0 0 0 1 0 1
1523 21 15 1334 1340 673 678 6 5 30 0 0 0 1 1 0 1
2310 21 21 272 286 947 948 14 1 14 0 0 0 0 1 0 1
659 20 17 1832 1837 538 544 5 6 30 0 0 0 1 1 0 1
756 20 20 1772 1786 563 564 14 1 14 0 0 0 0 1 0 1
1255 20 20 830 841 643 646 11 3 33 0 0 0 0 1 0 1
1264 20 16 1520 1523 643 650 3 7 21 0 0 0 0 1 0 1
1343 20 16 1262 1269 651 653 7 2 14 0 0 0 0 1 0 1
1470 20 15 532 539 666 671 7 5 35 0 0 0 0 1 1 1
2301 20 16 1584 1591 944 946 7 2 14 0 0 0 0 1 0 1
565 19 18 1917 1919 467 476 2 9 18 0 0 0 0 1 0 1
590 19 19 1405 1406 497 514 1 17 17 0 0 0 0 1 0 1
941 19 14 1405 1411 600 603 6 3 18 0 0 0 0 1 0 1
1094 19 13 1712 1717 623 626 5 3 15 0 0 0 0 1 0 1
1141 19 19 1697 1711 630 631 14 1 14 0 0 0 0 1 0 1
1477 19 17 844 846 666 676 2 10 20 0 0 0 0 1 0 1
700 18 17 1709 1718 551 554 9 3 27 0 0 0 0 1 0 1
869 18 13 1103 1108 587 592 5 5 25 0 0 0 1 1 0 1
999 18 18 742 743 611 624 1 13 13 0 0 0 0 1 0 1
1119 18 17 1622 1626 626 632 4 6 24 0 0 0 0 1 0 1
1244 18 18 1082 1096 642 643 14 1 14 0 0 0 0 1 0 1
1339 18 17 917 922 651 659 5 8 40 0 0 0 0 1 1 1
1340 18 17 947 949 651 658 2 7 14 0 0 0 0 1 0 1
1404 18 12 968 971 658 663 3 5 15 0 0 0 0 1 0 1
2085 18 18 1717 1726 756 760 9 4 36 0 0 0 0 1 1 1
511 17 14 1869 1874 413 417 5 4 20 0 0 0 1 1 0 1
1278 17 13 1105 1108 644 649 3 5 15 0 0 0 0 1 0 1
1543 17 16 864 871 675 680 7 5 35 0 0 0 0 1 1 1
1812 17 16 1795 1801 704 710 6 6 36 0 0 0 1 1 1 1
554 16 15 1905 1911 462 467 6 5 30 0 0 0 1 1 1 1
647 16 16 1911 1919 534 537 8 3 24 0 0 0 0 1 0 1
763 16 16 1140 1142 565 575 2 10 20 0 0 0 0 1 0 1
827 16 13 1052 1057 579 582 5 3 15 0 0 0 0 1 0 1
995 16 16 1058 1066 610 614 8 4 32 0 0 0 0 1 1 1
1260 16 15 1004 1006 643 650 2 7 14 0 0 0 0 1 0 1
1298 16 16 1777 1786 646 647 9 1 9 0 0 0 0 1 0 1
1627 16 14 1867 1874 683 686 7 3 21 0 0 0 0 1 0 1
1954 16 16 402 410 733 734 8 1 8 0 0 0 0 1 0 1
536 15 15 1405 1406 441 451 1 10 10 0 0 0 0 1 0 1
611 15 15 49 60 519 521 11 2 22 0 0 0 0 1 0 1
1251 15 15 767 779 643 644 12 1 12 0 0 0 0 1 0 1
1280 15 14 1274 1281 644 647 7 3 21 0 0 0 0 1 0 1
1776 15 13 392 395 700 705 3 5 15 0 0 0 0 1 0 1
2037 15 14 869 871 745 752 2 7 14 0 0 0 0 1 0 1
99 14 14 1236 1244 13 18 8 5 40 0 0 0 0 1 1 1
563 14 11 1889 1891 467 471 2 4 8 0 0 0 0 1 0 1
934 14 13 1014 1018 599 603 4 4 16 0 0 0 1 1 0 1
1423 14 13 977 982 660 662 5 2 10 0 0 0 0 1 0 1
301 13 13 1082 1088 129 130 6 1 6 0 0 0 0 1 0 1
710 13 13 1792 1801 553 554 9 1 9 0 0 0 0 1 0 1
722 13 9 1834 1838 555 558 4 3 12 0 0 0 1 1 0 1
1052 13 10 645 650 620 622 5 2 10 0 0 0 0 1 0 1
1127 13 10 770 773 628 631 3 3 9 0 0 0 1 1 0 1
1204 13 11 1527 1531 637 639 4 2 8 0 0 0 0 1 0 1
1434 13 11 527 531 662 665 4 3 12 0 0 0 1 1 0 1
1864 13 10 998 1002 716 718 4 2 8 0 0 0 0 1 0 1
2249 13 13 1609 1616 835 838 7 3 21 0 0 0 0 1 0 1
437 12 12 0 1 364 369 1 5 5 0 0 0 0 1 0 1
808 12 12 1402 1403 576 586 1 10 10 0 0 0 0 1 0 1
836 12 10 724 728 581 583 4 2 8 0 0 0 0 1 0 1
1062 12 12 6 11 621 622 5 1 5 0 0 0 0 1 0 1
1219 12 9 928 932 639 642 4 3 12 0 0 0 1 1 0 1
1300 12 12 880 886 647 650 6 3 18 0 0 0 0 1 0 1
1374 12 10 1877 1880 654 659 3 5 15 0 0 0 0 1 0 1
1522 12 10 1259 1261 673 676 2 3 6 0 0 0 0 1 0 1
1591 12 10 850 854 680 682 4 2 8 0 0 0 0 1 0 1
1692 12 10 1325 1327 692 695 2 3 6 0 0 0 0 1 0 1
1821 12 9 897 900 707 710 3 3 9 0 0 0 1 1 0 1
2015 12 12 550 558 742 743 8 1 8 0 0 0 0 1 0 1
2122 12 9 472 475 763 766 3 3 9 0 0 0 1 1 0 1
2229 12 12 827 832 801 802 5 1 5 0 0 0 0 1 0 1
2289 12 12 422 429 936 938 7 2 14 0 0 0 0 1 0 1
2292 12 12 1316 1321 936 937 5 1 5 0 0 0 0 1 0 1
210 11 11 647 649 49 56 2 7 14 0 0 0 0 1 0 1
603 11 11 24 31 516 517 7 1 7 0 0 0 0 1 0 1
1182 11 9 746 748 635 638 2 3 6 0 0 0 0 1 0 1
1183 11 9 755 757 635 638 2 3 6 0 0 0 0 1 0 1
1253 11 11 814 820 643 645 6 2 12 0 0 0 0 1 0 1
1254 11 9 824 826 643 647 2 4 8 0 0 0 0 1 0 1
1295 11 10 982 986 646 648 4 2 8 0 0 0 0 1 0 1
1401 11 11 1700 1706 657 660 6 3 18 0 0 0 0 1 0 1
1592 11 11 872 875 680 685 3 5 15 0 0 0 0 1 0 1
1697 11 9 552 555 693 696 3 3 9 0 0 0 1 1 0 1
1885 11 10 1292 1296 721 723 4 2 8 0 0 0 0 1 0 1
1890 11 11 1637 1642 722 723 5 1 5 0 0 0 0 1 0 1
1900 11 10 701 704 725 729 3 4 12 0 0 0 1 1 0 1
2018 11 9 1052 1055 742 744 3 2 6 0 0 0 0 1 0 1
2052 11 10 599 601 750 754 2 4 8 0 0 0 0 1 0 1
2061 11 8 1282 1285 752 755 3 3 9 0 0 0 1 1 0 1
2264 11 11 25 31 924 925 6 1 6 0 0 0 0 1 0 1
81 10 10 1262 1264 11 17 2 6 12 0 0 0 0 1 0 1
867 10 9 1032 1036 587 589 4 2 8 0 0 0 0 1 0 1
1123 10 9 1825 1829 627 629 4 2 8 0 0 0 0 1 0 1
1129 10 8 218 221 629 631 3 2 6 0 0 0 0 1 0 1
1149 10 10 1737 1741 631 635 4 4 16 0 0 0 1 1 0 1
1165 10 9 1560 1563 632 636 3 4 12 0 0 0 1 1 0 1
1179 10 10 486 492 635 637 6 2 12 0 0 0 0 1 0 1
1259 10 9 995 997 643 646 2 3 6 0 0 0 0 1 0 1
1267 10 10 482 486 644 647 4 3 12 0 0 0 1 1 0 1
1903 10 10 1724 1728 725 729 4 4 16 0 0 0 1 1 0 1
2090 10 10 633 642 758 758 9 0 0 0 0 0 0 1 0 0
2157 10 9 512 515 771 774 3 3 9 0 0 0 1 1 0 1
2163 10 9 523 526 773 776 3 3 9 0 0 0 1 1 0 1
2283 10 10 736 744 934 935 8 1 8 0 0 0 0 1 0 1
427 9 9 711 719 358 358 8 0 0 0 0 0 0 1 0 0
432 9 9 701 703 362 366 2 4 8 0 0 0 0 1 0 1
434 9 8 1367 1369 363 366 2 3 6 0 0 0 0 1 0 1
458 9 9 1892 1896 380 381 4 1 4 0 0 0 0 1 0 1
651 9 9 627 628 536 541 1 5 5 0 0 0 0 1 0 1
676 9 9 1914 1919 542 543 5 1 5 0 0 0 0 1 0 1
697 9 9 1781 1786 550 551 5 1 5 0 0 0 0 1 0 1
870 9 9 1134 1136 587 590 2 3 6 0 0 0 0 1 0 1
1048 9 9 392 394 620 624 2 4 8 0 0 0 0 1 0 1
1131 9 9 486 493 629 630 7 1 7 0 0 0 0 1 0 1
1169 9 9 637 638 633 637 1 4 4 0 0 0 0 1 0 1
1221 9 9 1288 1290 639 643 2 4 8 0 0 0 0 1 0 1
1399 9 9 1259 1261 657 661 2 4 8 0 0 0 0 1 0 1
1494 9 9 1253 1254 668 673 1 5 5 0 0 0 0 1 0 1
1504 9 9 827 831 670 671 4 1 4 0 0 0 0 1 0 1
1525 9 7 655 658 674 676 3 2 6 0 0 0 0 1 0 1
1657 9 9 1711 1716 688 689 5 1 5 0 0 0 0 1 0 1
1659 9 9 1725 1731 688 689 6 1 6 0 0 0 0 1 0 1
1738 9 9 1037 1045 696 696 8 0 0 0 0 0 0 1 0 0
1748 9 8 1211 1213 697 699 2 2 4 0 0 0 1 1 0 1
1794 9 9 222 226 702 703 4 1 4 0 0 0 0 1 0 1
1865 9 8 1109 1113 716 718 4 2 8 0 0 0 0 1 0 1
1879 9 9 730 734 720 721 4 1 4 0 0 0 0 1 0 1
2002 9 9 1042 1047 740 742 5 2 10 0 0 0 0 1 0 1
2148 9 9 677 683 768 769 6 1 6 0 0 0 0 1 0 1
2205 9 9 977 985 793 793 8 0 0 0 0 0 0 1 0 0
2304 9 9 1757 1761 945 946 4 1 4 0 0 0 0 1 0 1
23 8 8 1844 1846 2 5 2 3 6 0 0 0 0 1 0 1
413 8 8 307 309 338 341 2 3 6 0 0 0 0 1 0 1
568 8 7 1895 1898 471 473 3 2 6 0 0 0 0 1 0 1
891 8 8 1382 1384 591 596 2 5 10 0 0 0 0 1 0 1
1018 8 8 422 423 615 619 1 4 4 0 0 0 0 1 0 1
1163 8 7 1394 1396 632 634 2 2 4 0 0 0 1 1 0 1
1198 8 8 467 474 637 637 7 0 0 0 0 0 0 1 0 0
1364 8 8 1781 1786 653 654 5 1 5 0 0 0 0 1 0 1
1373 8 8 1406 1411 654 655 5 1 5 0 0 0 0 1 0 1
1511 8 7 1344 1347 671 673 3 2 6 0 0 0 0 1 0 1
1606 8 8 1217 1224 681 681 7 0 0 0 0 0 0 1 0 0
1746 8 7 879 883 697 699 4 2 8 0 0 0 0 1 0 1
1793 8 8 212 217 702 703 5 1 5 0 0 0 0 1 0 1
2153 8 7 1229 1231 770 772 2 2 4 0 0 0 1 1 0 1
2258 8 8 837 841 902 904 4 2 8 0 0 0 0 1 0 1
2278 8 8 748 751 933 935 3 2 6 0 0 0 0 1 0 1
61 7 7 1783 1786 8 11 3 3 9 0 0 0 1 1 0 1
146 7 7 647 650 21 23 3 2 6 0 0 0 0 1 0 1
305 7 7 550 551 137 142 1 5 5 0 0 0 0 1 0 1
530 7 7 1403 1404 430 434 1 4 4 0 0 0 0 1 0 1
592 7 7 1566 1567 503 506 1 3 3 0 0 0 0 1 0 1
743 7 7 1825 1831 560 560 6 0 0 0 0 0 0 1 0 0
845 7 7 1859 1861 583 585 2 2 4 0 0 0 1 1 0 1
918 7 7 617 618 598 602 1 4 4 0 0 0 0 1 0 1
1105 7 7 1560 1561 624 627 1 3 3 0 0 0 0 1 0 1
1150 7 7 13 16 632 633 3 1 3 0 0 0 0 1 0 1
1199 7 7 765 766 637 641 1 4 4 0 0 0 0 1 0 1
1268 7 7 520 524 644 645 4 1 4 0 0 0 0 1 0 1
1482 7 7 1292 1298 666 666 6 0 0 0 0 0 0 1 0 0
1750 7 6 1330 1333 697 699 3 2 6 0 0 0 0 1 0 1
1920 7 7 1641 1646 728 729 5 1 5 0 0 0 0 1 0 1
1936 7 7 505 508 731 732 3 1 3 0 0 0 0 1 0 1
1941 7 7 1668 1673 731 732 5 1 5 0 0 0 0 1 0 1
1947 7 7 970 976 732 732 6 0 0 0 0 0 0 1 0 0
2027 7 7 695 701 743 743 6 0 0 0 0 0 0 1 0 0
2134 7 7 1303 1306 765 766 3 1 3 0 0 0 0 1 0 1
2178 7 7 1244 1246 778 780 2 2 4 0 0 0 1 1 0 1
2306 7 7 1607 1613 946 946 6 0 0 0 0 0 0 1 0 0
116 6 6 1059 1059 16 21 0 5 0 0 0 0 0 1 0 0
117 6 6 1066 1068 16 19 2 3 6 0 0 0 0 1 0 1
309 6 6 547 549 145 147 2 2 4 0 0 0 1 1 0 1
905 6 6 1019 1021 595 597 2 2 4 0 0 0 1 1 0 1
1034 6 6 0 1 618 620 1 2 2 0 0 0 0 1 0 1
1078 6 6 1682 1684 621 623 2 2 4 0 0 0 1 1 0 1
1117 6 6 1172 1177 626 626 5 0 0 0 0 0 0 1 0 0
1164 6 6 1523 1528 632 632 5 0 0 0 0 0 0 1 0 0
1167 6 5 1727 1729 632 634 2 2 4 0 0 0 1 1 0 1
1190 6 6 1517 1519 635 637 2 2 4 0 0 0 1 1 0 1
1252 6 6 795 798 643 645 3 2 6 0 0 0 0 1 0 1
1577 6 6 1347 1351 677 678 4 1 4 0 0 0 0 1 0 1
1654 6 6 1209 1210 688 691 1 3 3 0 0 0 0 1 0 1
1673 6 6 1168 1171 690 691 3 1 3 0 0 0 0 1 0 1
1732 6 6 1869 1874 695 695 5 0 0 0 0 0 0 1 0 0
1763 6 6 564 567 699 701 3 2 6 0 0 0 0 1 0 1
1819 6 6 218 221 707 708 3 1 3 0 0 0 0 1 0 1
1957 6 6 1262 1263 733 736 1 3 3 0 0 0 0 1 0 1
2133 6 6 825 828 765 766 3 1 3 0 0 0 0 1 0 1
2150 6 6 1292 1295 769 770 3 1 3 0 0 0 0 1 0 1
2172 6 6 1307 1310 775 777 3 2 6 0 0 0 0 1 0 1
2181 6 6 528 531 780 781 3 1 3 0 0 0 0 1 0 1
2189 6 6 1217 1218 784 786 1 2 2 0 0 0 0 1 0 1
2192 6 6 544 547 786 787 3 1 3 0 0 0 0 1 0 1
2276 6 6 707 711 933 934 4 1 4 0 0 0 0 1 0 1
2308 6 6 1657 1662 946 946 5 0 0 0 0 0 0 1 0 0
2314 6 6 1682 1687 957 957 5 0 0 0 0 0 0 1 0 0
37 5 5 1781 1782 4 7 1 3 3 0 0 0 0 1 0 1
46 5 5 902 903 6 9 1 3 3 0 0 0 0 1 0 1
307 5 5 542 544 140 142 2 2 4 0 0 0 1 1 0 1
323 5 5 546 548 156 157 2 1 2 0 0 0 0 1 0 1
537 5 5 637 637 446 450 0 4 0 0 0 0 0 1 0 0
547 5 5 1409 1409 456 460 0 4 0 0 0 0 0 1 0 0
658 5 5 1405 1406 538 541 1 3 3 0 0 0 0 1 0 1
672 5 5 308 312 542 542 4 0 0 0 0 0 0 1 0 0
702 5 5 1097 1100 552 553 3 1 3 0 0 0 0 1 0 1
742 5 5 1816 1820 560 560 4 0 0 0 0 0 0 1 0 0
1065 5 5 401 403 621 622 2 1 2 0 0 0 0 1 0 1
1148 5 5 1722 1726 631 631 4 0 0 0 0 0 0 1 0 0
1207 5 5 1851 1852 637 640 1 3 3 0 0 0 0 1 0 1
1258 5 5 977 980 643 644 3 1 3 0 0 0 0 1 0 1
1359 5 5 986 988 653 654 2 1 2 0 0 0 0 1 0 1
1375 5 5 614 616 655 656 2 1 2 0 0 0 0 1 0 1
1476 5 5 828 832 666 666 4 0 0 0 0 0 0 1 0 0
1509 5 5 1052 1053 671 674 1 3 3 0 0 0 0 1 0 1
1559 5 5 1197 1201 676 676 4 0 0 0 0 0 0 1 0 0
1574 5 5 1256 1257 677 679 1 2 2 0 0 0 0 1 0 1
1684 5 5 398 400 692 693 2 1 2 0 0 0 0 1 0 1
1713 5 5 995 997 694 695 2 1 2 0 0 0 0 1 0 1
1727 5 5 1047 1051 695 695 4 0 0 0 0 0 0 1 0 0
1834 5 5 782 784 709 710 2 1 2 0 0 0 0 1 0 1
1849 5 5 1005 1006 712 714 1 2 2 0 0 0 0 1 0 1
1863 5 5 1290 1291 715 717 1 2 2 0 0 0 0 1 0 1
1877 5 5 182 184 720 721 2 1 2 0 0 0 0 1 0 1
2036 5 5 838 839 745 747 1 2 2 0 0 0 0 1 0 1
2161 5 5 1720 1723 772 773 3 1 3 0 0 0 0 1 0 1
2286 5 5 359 363 935 935 4 0 0 0 0 0 0 1 0 0
2300 5 5 1682 1685 941 942 3 1 3 0 0 0 0 1 0 1
2307 5 5 1617 1621 946 946 4 0 0 0 0 0 0 1 0 0
4 4 4 956 958 2 3 2 1 2 0 0 0 0 1 0 1
36 4 4 952 952 4 7 0 3 0 0 0 0 0 1 0 0
50 4 4 1136 1138 6 7 2 1 2 0 0 0 0 1 0 1
55 4 4 1089 1091 7 8 2 1 2 0 0 0 0 1 0 1
77 4 4 1056 1058 11 12 2 1 2 0 0 0 0 1 0 1
240 4 4 1019 1021 70 71 2 1 2 0 0 0 0 1 0 1
247 4 4 1010 1011 75 77 1 2 2 0 0 0 0 1 0 1
264 4 4 701 701 87 90 0 3 0 0 0 0 0 1 0 0
276 4 4 588 589 98 99 1 1 1 0 0 0 1 1 0 1
294 4 4 582 583 119 121 1 2 2 0 0 0 0 1 0 1
295 4 4 560 561 120 122 1 2 2 0 0 0 0 1 0 1
311 4 4 544 544 146 149 0 3 0 0 0 0 0 1 0 0
588 4 4 1407 1407 493 496 0 3 0 0 0 0 0 1 0 0
636 4 4 1847 1849 529 530 2 1 2 0 0 0 0 1 0 1
677 4 4 0 1 543 544 1 1 1 0 0 0 1 1 0 1
678 4 4 626 626 543 546 0 3 0 0 0 0 0 1 0 0
826 4 4 632 633 579 580 1 1 1 0 0 0 1 1 0 1
889 4 4 779 781 591 592 2 1 2 0 0 0 0 1 0 1
910 4 4 1095 1096 596 597 1 1 1 0 0 0 1 1 0 1
920 4 4 839 841 598 599 2 1 2 0 0 0 0 1 0 1
947 4 4 1067 1067 601 604 0 3 0 0 0 0 0 1 0 0
1031 4 4 1177 1177 617 620 0 3 0 0 0 0 0 1 0 0
1045 4 4 1577 1577 619 622 0 3 0 0 0 0 0 1 0 0
1122 4 4 1817 1818 627 628 1 1 1 0 0 0 1 1 0 1
1166 4 4 1575 1576 632 633 1 1 1 0 0 0 1 1 0 1
1224 4 4 1786 1788 639 640 2 1 2 0 0 0 0 1 0 1
1241 4 4 1847 1850 641 641 3 0 0 0 0 0 0 1 0 0
1394 4 4 639 642 657 657 3 0 0 0 0 0 0 1 0 0
1472 4 4 661 661 666 669 0 3 0 0 0 0 0 1 0 0
1503 4 4 801 802 670 672 1 2 2 0 0 0 0 1 0 1
1598 4 4 1265 1266 680 681 1 1 1 0 0 0 1 1 0 1
1604 4 4 1029 1032 681 681 3 0 0 0 0 0 0 1 0 0
1622 4 4 1277 1279 683 684 2 1 2 0 0 0 0 1 0 1
1645 4 4 1174 1177 687 687 3 0 0 0 0 0 0 1 0 0
1737 4 4 841 841 696 699 0 3 0 0 0 0 0 1 0 0
1919 4 4 1410 1411 728 729 1 1 1 0 0 0 1 1 0 1
1943 4 4 527 530 732 732 3 0 0 0 0 0 0 1 0 0
1982 4 4 388 389 738 740 1 2 2 0 0 0 0 1 0 1
2022 4 4 422 423 743 744 1 1 1 0 0 0 1 1 0 1
2023 4 4 468 469 743 744 1 1 1 0 0 0 1 1 0 1
2035 4 4 465 466 745 746 1 1 1 0 0 0 1 1 0 1
2079 4 4 512 513 756 757 1 1 1 0 0 0 1 1 0 1
2101 4 4 1178 1181 759 759 3 0 0 0 0 0 0 1 0 0
2142 4 4 353 354 767 769 1 2 2 0 0 0 0 1 0 1
2203 4 4 617 618 791 792 1 1 1 0 0 0 1 1 0 1
2266 4 4 397 400 925 925 3 0 0 0 0 0 0 1 0 0
2288 4 4 1048 1051 935 935 3 0 0 0 0 0 0 1 0 0
2291 4 4 1309 1312 936 936 3 0 0 0 0 0 0 1 0 0
2315 4 4 1693 1696 957 957 3 0 0 0 0 0 0 1 0 0
2317 4 4 1873 1876 957 957 3 0 0 0 0 0 0 1 0 0
7 3 3 1049 1051 2 2 2 0 0 0 0 0 0 1 0 0
12 3 3 1233 1233 2 4 0 2 0 0 0 0 0 1 0 0
26 3 3 946 946 3 5 0 2 0 0 0 0 0 1 0 0
69 3 3 1054 1055 9 10 1 1 1 0 0 0 1 1 0 1
84 3 3 1063 1063 12 14 0 2 0 0 0 0 0 1 0 0
96 3 3 1049 1050 13 14 1 1 1 0 0 0 1 1 0 1
176 3 3 1251 1251 28 30 0 2 0 0 0 0 0 1 0 0
236 3 3 1015 1017 68 68 2 0 0 0 0 0 0 1 0 0
430 3 3 704 706 361 361 2 0 0 0 0 0 0 1 0 0
440 3 3 1362 1363 365 366 1 1 1 0 0 0 1 1 0 1
462 3 3 1897 1898 382 383 1 1 1 0 0 0 1 1 0 1
470 3 3 1877 1877 390 392 0 2 0 0 0 0 0 1 0 0
585 3 3 1407 1407 486 488 0 2 0 0 0 0 0 1 0 0
591 3 3 196 196 503 505 0 2 0 0 0 0 0 1 0 0
596 3 3 178 180 505 505 2 0 0 0 0 0 0 1 0 0
597 3 3 187 189 506 506 2 0 0 0 0 0 0 1 0 0
694 3 3 1779 1780 548 549 1 1 1 0 0 0 1 1 0 1
703 3 3 1107 1109 552 552 2 0 0 0 0 0 0 1 0 0
714 3 3 1574 1576 554 554 2 0 0 0 0 0 0 1 0 0
725 3 3 1803 1805 556 556 2 0 0 0 0 0 0 1 0 0
770 3 3 1403 1403 567 569 0 2 0 0 0 0 0 1 0 0
811 3 3 1614 1616 576 576 2 0 0 0 0 0 0 1 0 0
1046 3 3 1892 1894 619 619 2 0 0 0 0 0 0 1 0 0
1066 3 3 407 408 621 622 1 1 1 0 0 0 1 1 0 1
1125 3 3 742 742 628 630 0 2 0 0 0 0 0 1 0 0
1240 3 3 1457 1458 641 642 1 1 1 0 0 0 1 1 0 1
1269 3 3 806 808 644 644 2 0 0 0 0 0 0 1 0 0
1273 3 3 913 915 644 644 2 0 0 0 0 0 0 1 0 0
1282 3 3 1464 1465 644 645 1 1 1 0 0 0 1 1 0 1
1353 3 3 1008 1009 652 653 1 1 1 0 0 0 1 1 0 1
1356 3 3 1485 1486 652 653 1 1 1 0 0 0 1 1 0 1
1535 3 3 404 405 675 676 1 1 1 0 0 0 1 1 0 1
1595 3 3 1024 1026 680 680 2 0 0 0 0 0 0 1 0 0
1678 3 3 1034 1036 691 691 2 0 0 0 0 0 0 1 0 0
1714 3 3 1054 1056 694 694 2 0 0 0 0 0 0 1 0 0
1730 3 3 1812 1814 695 695 2 0 0 0 0 0 0 1 0 0
1843 3 3 1007 1009 711 711 2 0 0 0 0 0 0 1 0 0
1861 3 3 882 883 715 716 1 1 1 0 0 0 1 1 0 1
1891 3 3 1649 1650 722 723 1 1 1 0 0 0 1 1 0 1
1912 3 3 1731 1733 727 727 2 0 0 0 0 0 0 1 0 0
1915 3 3 684 685 728 729 1 1 1 0 0 0 1 1 0 1
1916 3 3 930 931 728 729 1 1 1 0 0 0 1 1 0 1
1946 3 3 917 919 732 732 2 0 0 0 0 0 0 1 0 0
1951 3 3 1197 1199 732 732 2 0 0 0 0 0 0 1 0 0
1971 3 3 457 458 736 737 1 1 1 0 0 0 1 1 0 1
1977 3 3 395 396 737 738 1 1 1 0 0 0 1 1 0 1
2025 3 3 644 646 743 743 2 0 0 0 0 0 0 1 0 0
2081 3 3 652 653 756 757 1 1 1 0 0 0 1 1 0 1
2102 3 3 1195 1197 759 759 2 0 0 0 0 0 0 1 0 0
2139 3 3 1102 1104 766 766 2 0 0 0 0 0 0 1 0 0
2154 3 3 1297 1298 770 771 1 1 1 0 0 0 1 1 0 1
2159 3 3 367 368 772 773 1 1 1 0 0 0 1 1 0 1
2168 3 3 606 608 774 774 2 0 0 0 0 0 0 1 0 0
2176 3 3 1329 1331 777 777 2 0 0 0 0 0 0 1 0 0
2185 3 3 367 369 783 783 2 0 0 0 0 0 0 1 0 0
2216 3 3 239 241 797 797 2 0 0 0 0 0 0 1 0 0
2217 3 3 1567 1569 797 797 2 0 0 0 0 0 0 1 0 0
2230 3 3 1007 1008 801 802 1 1 1 0 0 0 1 1 0 1
2238 3 3 660 661 812 813 1 1 1 0 0 0 1 1 0 1
2294 3 3 434 435 937 938 1 1 1 0 0 0 1 1 0 1
2321 3 3 1742 1744 962 962 2 0 0 0 0 0 0 1 0 0
29 2 2 1091 1092 3 3 1 0 0 0 0 0 0 1 0 0
35 2 2 914 914 4 5 0 1 0 0 0 0 0 1 0 0
59 2 2 962 962 8 9 0 1 0 0 0 0 0 1 0 0
64 2 2 893 894 9 9 1 0 0 0 0 0 0 1 0 0
86 2 2 1134 1135 12 12 1 0 0 0 0 0 0 1 0 0
115 2 2 938 939 16 16 1 0 0 0 0 0 0 1 0 0
121 2 2 995 995 17 18 0 1 0 0 0 0 0 1 0 0
123 2 2 1005 1006 17 17 1 0 0 0 0 0 0 1 0 0
124 2 2 1010 1010 17 18 0 1 0 0 0 0 0 1 0 0
130 2 2 1144 1145 18 18 1 0 0 0 0 0 0 1 0 0
138 2 2 1232 1233 19 19 1 0 0 0 0 0 0 1 0 0
171 2 2 1236 1237 24 24 1 0 0 0 0 0 0 1 0 0
179 2 2 1158 1159 30 30 1 0 0 0 0 0 0 1 0 0
212 2 2 639 640 50 50 1 0 0 0 0 0 0 1 0 0
215 2 2 1855 1856 50 50 1 0 0 0 0 0 0 1 0 0
230 2 2 714 715 60 60 1 0 0 0 0 0 0 1 0 0
235 2 2 704 705 68 68 1 0 0 0 0 0 0 1 0 0
239 2 2 1013 1014 70 70 1 0 0 0 0 0 0 1 0 0
275 2 2 696 697 97 97 1 0 0 0 0 0 0 1 0 0
293 2 2 587 588 118 118 1 0 0 0 0 0 0 1 0 0
300 2 2 564 564 129 130 0 1 0 0 0 0 0 1 0 0
303 2 2 557 557 133 134 0 1 0 0 0 0 0 1 0 0
429 2 2 707 708 359 359 1 0 0 0 0 0 0 1 0 0
431 2 2 1884 1885 361 361 1 0 0 0 0 0 0 1 0 0
474 2 2 1906 1906 393 394 0 1 0 0 0 0 0 1 0 0
506 2 2 1433 1433 410 411 0 1 0 0 0 0 0 1 0 0
507 2 2 1883 1883 411 412 0 1 0 0 0 0 0 1 0 0
508 2 2 1877 1878 412 412 1 0 0 0 0 0 0 1 0 0
535 2 2 635 635 441 442 0 1 0 0 0 0 0 1 0 0
579 2 2 84 85 482 482 1 0 0 0 0 0 0 1 0 0
684 2 2 1727 1728 546 546 1 0 0 0 0 0 0 1 0 0
698 2 2 1791 1791 550 551 0 1 0 0 0 0 0 1 0 0
730 2 2 1596 1596 557 558 0 1 0 0 0 0 0 1 0 0
753 2 2 632 632 563 564 0 1 0 0 0 0 0 1 0 0
754 2 2 1578 1579 563 563 1 0 0 0 0 0 0 1 0 0
765 2 2 1424 1424 565 566 0 1 0 0 0 0 0 1 0 0
769 2 2 1127 1127 566 567 0 1 0 0 0 0 0 1 0 0
806 2 2 1101 1102 576 576 1 0 0 0 0 0 0 1 0 0
854 2 2 296 297 586 586 1 0 0 0 0 0 0 1 0 0
902 2 2 1157 1157 594 595 0 1 0 0 0 0 0 1 0 0
906 2 2 1093 1094 595 595 1 0 0 0 0 0 0 1 0 0
935 2 2 1148 1148 599 600 0 1 0 0 0 0 0 1 0 0
950 2 2 1520 1521 601 601 1 0 0 0 0 0 0 1 0 0
985 2 2 681 682 609 609 1 0 0 0 0 0 0 1 0 0
1019 2 2 735 736 615 615 1 0 0 0 0 0 0 1 0 0
1079 2 2 1742 1742 621 622 0 1 0 0 0 0 0 1 0 0
1080 2 2 1874 1875 621 621 1 0 0 0 0 0 0 1 0 0
1115 2 2 639 640 626 626 1 0 0 0 0 0 0 1 0 0
1145 2 2 1095 1096 631 631 1 0 0 0 0 0 0 1 0 0
1197 2 2 1848 1849 636 636 1 0 0 0 0 0 0 1 0 0
1215 2 2 639 639 639 640 0 1 0 0 0 0 0 1 0 0
1274 2 2 991 991 644 645 0 1 0 0 0 0 0 1 0 0
1286 2 2 804 805 645 645 1 0 0 0 0 0 0 1 0 0
1290 2 2 249 250 646 646 1 0 0 0 0 0 0 1 0 0
1348 2 2 452 452 652 653 0 1 0 0 0 0 0 1 0 0
1360 2 2 997 998 653 653 1 0 0 0 0 0 0 1 0 0
1419 2 2 615 616 660 660 1 0 0 0 0 0 0 1 0 0
1471 2 2 651 651 666 667 0 1 0 0 0 0 0 1 0 0
1480 2 2 1259 1259 666 667 0 1 0 0 0 0 0 1 0 0
1551 2 2 1220 1221 675 675 1 0 0 0 0 0 0 1 0 0
1563 2 2 541 541 677 678 0 1 0 0 0 0 0 1 0 0
1567 2 2 874 874 677 678 0 1 0 0 0 0 0 1 0 0
1649 2 2 1752 1753 687 687 1 0 0 0 0 0 0 1 0 0
1661 2 2 1740 1741 688 688 1 0 0 0 0 0 0 1 0 0
1698 2 2 1060 1061 693 693 1 0 0 0 0 0 0 1 0 0
1740 2 2 1184 1185 696 696 1 0 0 0 0 0 0 1 0 0
1754 2 2 901 901 698 699 0 1 0 0 0 0 0 1 0 0
1755 2 2 992 992 698 699 0 1 0 0 0 0 0 1 0 0
1767 2 2 1290 1291 699 699 1 0 0 0 0 0 0 1 0 0
1808 2 2 167 167 704 705 0 1 0 0 0 0 0 1 0 0
1829 2 2 877 878 708 708 1 0 0 0 0 0 0 1 0 0
1835 2 2 835 836 709 709 1 0 0 0 0 0 0 1 0 0
1856 2 2 1807 1808 714 714 1 0 0 0 0 0 0 1 0 0
1872 2 2 1627 1628 718 718 1 0 0 0 0 0 0 1 0 0
1896 2 2 1744 1745 723 723 1 0 0 0 0 0 0 1 0 0
1902 2 2 1653 1654 725 725 1 0 0 0 0 0 0 1 0 0
1935 2 2 391 391 731 732 0 1 0 0 0 0 0 1 0 0
1953 2 2 1667 1667 732 733 0 1 0 0 0 0 0 1 0 0
1978 2 2 421 421 737 738 0 1 0 0 0 0 0 1 0 0
1997 2 2 466 466 740 741 0 1 0 0 0 0 0 1 0 0
2073 2 2 502 503 755 755 1 0 0 0 0 0 0 1 0 0
2120 2 2 1174 1175 762 762 1 0 0 0 0 0 0 1 0 0
2147 2 2 1210 1211 767 767 1 0 0 0 0 0 0 1 0 0
2162 2 2 387 387 773 774 0 1 0 0 0 0 0 1 0 0
2193 2 2 847 848 786 786 1 0 0 0 0 0 0 1 0 0
2202 2 2 1649 1650 790 790 1 0 0 0 0 0 0 1 0 0
2213 2 2 1060 1061 796 796 1 0 0 0 0 0 0 1 0 0
2237 2 2 630 631 812 812 1 0 0 0 0 0 0 1 0 0
2257 2 2 362 363 858 858 1 0 0 0 0 0 0 1 0 0
2274 2 2 1308 1309 932 932 1 0 0 0 0 0 0 1 0 0
2303 2 2 1652 1652 945 946 0 1 0 0 0 0 0 1 0 0
5 1 1 962 962 2 2 0 0 0 0 0 0 1 1 0 0
10 1 1 1187 1187 2 2 0 0 0 0 0 0 1 1 0 0
13 1 1 1256 1256 2 2 0 0 0 0 0 0 1 1 0 0
20 1 1 1792 1792 2 2 0 0 0 0 0 0 1 1 0 0
28 1 1 1057 1057 3 3 0 0 0 0 0 0 1 1 0 0
34 1 1 893 893 4 4 0 0 0 0 0 0 1 1 0 0
38 1 1 1786 1786 4 4 0 0 0 0 0 0 1 1 0 0
40 1 1 1055 1055 5 5 0 0 0 0 0 0 1 1 0 0
41 1 1 1232 1232 5 5 0 0 0 0 0 0 1 1 0 0
45 1 1 1778 1778 5 5 0 0 0 0 0 0 1 1 0 0
49 1 1 1061 1061 6 6 0 0 0 0 0 0 1 1 0 0
52 1 1 957 957 7 7 0 0 0 0 0 0 1 1 0 0
54 1 1 1057 1057 7 7 0 0 0 0 0 0 1 1 0 0
57 1 1 1842 1842 7 7 0 0 0 0 0 0 1 1 0 0
60 1 1 1253 1253 8 8 0 0 0 0 0 0 1 1 0 0
62 1 1 1841 1841 8 8 0 0 0 0 0 0 1 1 0 0
68 1 1 1049 1049 9 9 0 0 0 0 0 0 1 1 0 0
71 1 1 1262 1262 9 9 0 0 0 0 0 0 1 1 0 0
73 1 1 921 921 10 10 0 0 0 0 0 0 1 1 0 0
74 1 1 941 941 10 10 0 0 0 0 0 0 1 1 0 0
75 1 1 968 968 10 10 0 0 0 0 0 0 1 1 0 0
76 1 1 1051 1051 10 10 0 0 0 0 0 0 1 1 0 0
87 1 1 1224 1224 12 12 0 0 0 0 0 0 1 1 0 0
92 1 1 944 944 13 13 0 0 0 0 0 0 1 1 0 0
95 1 1 998 998 13 13 0 0 0 0 0 0 1 1 0 0
100 1 1 1257 1257 13 13 0 0 0 0 0 0 1 1 0 0
102 1 1 1271 1271 13 13 0 0 0 0 0 0 1 1 0 0
108 1 1 1092 1092 14 14 0 0 0 0 0 0 1 1 0 0
109 1 1 1234 1234 14 14 0 0 0 0 0 0 1 1 0 0
111 1 1 1082 1082 15 15 0 0 0 0 0 0 1 1 0 0
112 1 1 1231 1231 15 15 0 0 0 0 0 0 1 1 0 0
118 1 1 1135 1135 16 16 0 0 0 0 0 0 1 1 0 0
122 1 1 999 999 17 17 0 0 0 0 0 0 1 1 0 0
128 1 1 969 969 18 18 0 0 0 0 0 0 1 1 0 0
132 1 1 1261 1261 18 18 0 0 0 0 0 0 1 1 0 0
133 1 1 1270 1270 18 18 0 0 0 0 0 0 1 1 0 0
144 1 1 1778 1778 20 20 0 0 0 0 0 0 1 1 0 0
145 1 1 1783 1783 20 20 0 0 0 0 0 0 1 1 0 0
154 1 1 1144 1144 22 22 0 0 0 0 0 0 1 1 0 0
155 1 1 1148 1148 22 22 0 0 0 0 0 0 1 1 0 0
158 1 1 1253 1253 22 22 0 0 0 0 0 0 1 1 0 0
169 1 1 1146 1146 24 24 0 0 0 0 0 0 1 1 0 0
177 1 1 938 938 29 29 0 0 0 0 0 0 1 1 0 0
199 1 1 1208 1208 42 42 0 0 0 0 0 0 1 1 0 0
200 1 1 1206 1206 45 45 0 0 0 0 0 0 1 1 0 0
204 1 1 1204 1204 46 46 0 0 0 0 0 0 1 1 0 0
206 1 1 1212 1212 47 47 0 0 0 0 0 0 1 1 0 0
208 1 1 637 637 48 48 0 0 0 0 0 0 1 1 0 0
228 1 1 707 707 59 59 0 0 0 0 0 0 1 1 0 0
231 1 1 713 713 64 64 0 0 0 0 0 0 1 1 0 0
242 1 1 1633 1633 72 72 0 0 0 0 0 0 1 1 0 0
243 1 1 691 691 74 74 0 0 0 0 0 0 1 1 0 0
246 1 1 701 701 75 75 0 0 0 0 0 0 1 1 0 0
250 1 1 697 697 76 76 0 0 0 0 0 0 1 1 0 0
262 1 1 986 986 86 86 0 0 0 0 0 0 1 1 0 0
270 1 1 698 698 91 91 0 0 0 0 0 0 1 1 0 0
273 1 1 692 692 93 93 0 0 0 0 0 0 1 1 0 0
277 1 1 695 695 98 98 0 0 0 0 0 0 1 1 0 0
285 1 1 590 590 108 108 0 0 0 0 0 0 1 1 0 0
286 1 1 593 593 110 110 0 0 0 0 0 0 1 1 0 0
306 1 1 556 556 137 137 0 0 0 0 0 0 1 1 0 0
310 1 1 553 553 145 145 0 0 0 0 0 0 1 1 0 0
313 1 1 554 554 148 148 0 0 0 0 0 0 1 1 0 0
320 1 1 544 544 154 154 0 0 0 0 0 0 1 1 0 0
321 1 1 556 556 155 155 0 0 0 0 0 0 1 1 0 0
322 1 1 542 542 156 156 0 0 0 0 0 0 1 1 0 0
412 1 1 306 306 337 337 0 0 0 0 0 0 1 1 0 0
435 1 1 1907 1907 363 363 0 0 0 0 0 0 1 1 0 0
473 1 1 1892 1892 393 393 0 0 0 0 0 0 1 1 0 0
481 1 1 1880 1880 395 395 0 0 0 0 0 0 1 1 0 0
484 1 1 1426 1426 396 396 0 0 0 0 0 0 1 1 0 0
485 1 1 1885 1885 397 397 0 0 0 0 0 0 1 1 0 0
498 1 1 1888 1888 403 403 0 0 0 0 0 0 1 1 0 0
510 1 1 1404 1404 413 413 0 0 0 0 0 0 1 1 0 0
550 1 1 245 245 459 459 0 0 0 0 0 0 1 1 0 0
557 1 1 1408 1408 463 463 0 0 0 0 0 0 1 1 0 0
562 1 1 1408 1408 467 467 0 0 0 0 0 0 1 1 0 0
570 1 1 236 236 473 473 0 0 0 0 0 0 1 1 0 0
571 1 1 1388 1388 473 473 0 0 0 0 0 0 1 1 0 0
574 1 1 1886 1886 474 474 0 0 0 0 0 0 1 1 0 0
576 1 1 1892 1892 477 477 0 0 0 0 0 0 1 1 0 0
577 1 1 1895 1895 480 480 0 0 0 0 0 0 1 1 0 0
578 1 1 78 78 481 481 0 0 0 0 0 0 1 1 0 0
580 1 1 1897 1897 482 482 0 0 0 0 0 0 1 1 0 0
586 1 1 234 234 488 488 0 0 0 0 0 0 1 1 0 0
587 1 1 231 231 490 490 0 0 0 0 0 0 1 1 0 0
594 1 1 167 167 504 504 0 0 0 0 0 0 1 1 0 0
669 1 1 1908 1908 541 541 0 0 0 0 0 0 1 1 0 0
670 1 1 1912 1912 541 541 0 0 0 0 0 0 1 1 0 0
671 1 1 304 304 542 542 0 0 0 0 0 0 1 1 0 0
683 1 1 1577 1577 546 546 0 0 0 0 0 0 1 1 0 0
688 1 1 1111 1111 547 547 0 0 0 0 0 0 1 1 0 0
696 1 1 1593 1593 549 549 0 0 0 0 0 0 1 1 0 0
699 1 1 1144 1144 551 551 0 0 0 0 0 0 1 1 0 0
701 1 1 1089 1089 552 552 0 0 0 0 0 0 1 1 0 0
715 1 1 1667 1667 554 554 0 0 0 0 0 0 1 1 0 0
740 1 1 624 624 560 560 0 0 0 0 0 0 1 1 0 0
746 1 1 1727 1727 561 561 0 0 0 0 0 0 1 1 0 0
747 1 1 1815 1815 561 561 0 0 0 0 0 0 1 1 0 0
759 1 1 1564 1564 564 564 0 0 0 0 0 0 1 1 0 0
777 1 1 1729 1729 568 568 0 0 0 0 0 0 1 1 0 0
800 1 1 586 586 575 575 0 0 0 0 0 0 1 1 0 0
814 1 1 1742 1742 576 576 0 0 0 0 0 0 1 1 0 0
816 1 1 421 421 577 577 0 0 0 0 0 0 1 1 0 0
818 1 1 1573 1573 577 577 0 0 0 0 0 0 1 1 0 0
821 1 1 369 369 579 579 0 0 0 0 0 0 1 1 0 0
831 1 1 1157 1157 580 580 0 0 0 0 0 0 1 1 0 0
834 1 1 1579 1579 580 580 0 0 0 0 0 0 1 1 0 0
843 1 1 662 662 583 583 0 0 0 0 0 0 1 1 0 0
852 1 1 1157 1157 585 585 0 0 0 0 0 0 1 1 0 0
859 1 1 692 692 586 586 0 0 0 0 0 0 1 1 0 0
860 1 1 847 847 586 586 0 0 0 0 0 0 1 1 0 0
871 1 1 1406 1406 587 587 0 0 0 0 0 0 1 1 0 0
879 1 1 1407 1407 588 588 0 0 0 0 0 0 1 1 0 0
883 1 1 1145 1145 589 589 0 0 0 0 0 0 1 1 0 0
886 1 1 2 2 590 590 0 0 0 0 0 0 1 1 0 0
894 1 1 1742 1742 592 592 0 0 0 0 0 0 1 1 0 0
922 1 1 1055 1055 598 598 0 0 0 0 0 0 1 1 0 0
930 1 1 404 404 599 599 0 0 0 0 0 0 1 1 0 0
932 1 1 649 649 599 599 0 0 0 0 0 0 1 1 0 0
937 1 1 1514 1514 599 599 0 0 0 0 0 0 1 1 0 0
939 1 1 1861 1861 599 599 0 0 0 0 0 0 1 1 0 0
942 1 1 1507 1507 600 600 0 0 0 0 0 0 1 1 0 0
943 1 1 1519 1519 600 600 0 0 0 0 0 0 1 1 0 0
951 1 1 1525 1525 601 601 0 0 0 0 0 0 1 1 0 0
961 1 1 1061 1061 603 603 0 0 0 0 0 0 1 1 0 0
966 1 1 1112 1112 604 604 0 0 0 0 0 0 1 1 0 0
978 1 1 1166 1166 607 607 0 0 0 0 0 0 1 1 0 0
980 1 1 1577 1577 607 607 0 0 0 0 0 0 1 1 0 0
981 1 1 631 631 608 608 0 0 0 0 0 0 1 1 0 0
993 1 1 736 736 610 610 0 0 0 0 0 0 1 1 0 0
997 1 1 1869 1869 610 610 0 0 0 0 0 0 1 1 0 0
998 1 1 1906 1906 610 610 0 0 0 0 0 0 1 1 0 0
1002 1 1 428 428 612 612 0 0 0 0 0 0 1 1 0 0
1005 1 1 1052 1052 612 612 0 0 0 0 0 0 1 1 0 0
1021 1 1 427 427 616 616 0 0 0 0 0 0 1 1 0 0
1042 1 1 1026 1026 619 619 0 0 0 0 0 0 1 1 0 0
1059 1 1 1278 1278 620 620 0 0 0 0 0 0 1 1 0 0
1077 1 1 1411 1411 621 621 0 0 0 0 0 0 1 1 0 0
1091 1 1 1276 1276 623 623 0 0 0 0 0 0 1 1 0 0
1108 1 1 252 252 625 625 0 0 0 0 0 0 1 1 0 0
1109 1 1 256 256 625 625 0 0 0 0 0 0 1 1 0 0
1111 1 1 638 638 625 625 0 0 0 0 0 0 1 1 0 0
1120 1 1 399 399 627 627 0 0 0 0 0 0 1 1 0 0
1143 1 1 577 577 631 631 0 0 0 0 0 0 1 1 0 0
1151 1 1 387 387 632 632 0 0 0 0 0 0 1 1 0 0
1152 1 1 583 583 632 632 0 0 0 0 0 0 1 1 0 0
1174 1 1 1683 1683 633 633 0 0 0 0 0 0 1 1 0 0
1222 1 1 1710 1710 639 639 0 0 0 0 0 0 1 1 0 0
1226 1 1 1846 1846 639 639 0 0 0 0 0 0 1 1 0 0
1227 1 1 332 332 640 640 0 0 0 0 0 0 1 1 0 0
1231 1 1 916 916 640 640 0 0 0 0 0 0 1 1 0 0
1235 1 1 321 321 641 641 0 0 0 0 0 0 1 1 0 0
1246 1 1 1892 1892 642 642 0 0 0 0 0 0 1 1 0 0
1247 1 1 316 316 643 643 0 0 0 0 0 0 1 1 0 0
1248 1 1 341 341 643 643 0 0 0 0 0 0 1 1 0 0
1266 1 1 477 477 644 644 0 0 0 0 0 0 1 1 0 0
1283 1 1 448 448 645 645 0 0 0 0 0 0 1 1 0 0
1287 1 1 809 809 645 645 0 0 0 0 0 0 1 1 0 0
1289 1 1 1273 1273 645 645 0 0 0 0 0 0 1 1 0 0
1293 1 1 812 812 646 646 0 0 0 0 0 0 1 1 0 0
1315 1 1 1272 1272 648 648 0 0 0 0 0 0 1 1 0 0
1321 1 1 913 913 649 649 0 0 0 0 0 0 1 1 0 0
1344 1 1 1270 1270 651 651 0 0 0 0 0 0 1 1 0 0
1358 1 1 816 816 653 653 0 0 0 0 0 0 1 1 0 0
1363 1 1 1517 1517 653 653 0 0 0 0 0 0 1 1 0 0
1385 1 1 1457 1457 655 655 0 0 0 0 0 0 1 1 0 0
1391 1 1 1109 1109 656 656 0 0 0 0 0 0 1 1 0 0
1397 1 1 1135 1135 657 657 0 0 0 0 0 0 1 1 0 0
1408 1 1 1255 1255 658 658 0 0 0 0 0 0 1 1 0 0
1426 1 1 1877 1877 660 660 0 0 0 0 0 0 1 1 0 0
1454 1 1 1053 1053 664 664 0 0 0 0 0 0 1 1 0 0
1456 1 1 1254 1254 664 664 0 0 0 0 0 0 1 1 0 0
1488 1 1 646 646 668 668 0 0 0 0 0 0 1 1 0 0
1519 1 1 1262 1262 672 672 0 0 0 0 0 0 1 1 0 0
1524 1 1 543 543 674 674 0 0 0 0 0 0 1 1 0 0
1545 1 1 879 879 675 675 0 0 0 0 0 0 1 1 0 0
1573 1 1 1248 1248 677 677 0 0 0 0 0 0 1 1 0 0
1575 1 1 1277 1277 677 677 0 0 0 0 0 0 1 1 0 0
1593 1 1 879 879 680 680 0 0 0 0 0 0 1 1 0 0
1612 1 1 868 868 682 682 0 0 0 0 0 0 1 1 0 0
1647 1 1 1742 1742 687 687 0 0 0 0 0 0 1 1 0 0
1648 1 1 1747 1747 687 687 0 0 0 0 0 0 1 1 0 0
1656 1 1 1276 1276 688 688 0 0 0 0 0 0 1 1 0 0
1658 1 1 1718 1718 688 688 0 0 0 0 0 0 1 1 0 0
1660 1 1 1735 1735 688 688 0 0 0 0 0 0 1 1 0 0
1662 1 1 1762 1762 688 688 0 0 0 0 0 0 1 1 0 0
1667 1 1 1172 1172 689 689 0 0 0 0 0 0 1 1 0 0
1668 1 1 1183 1183 689 689 0 0 0 0 0 0 1 1 0 0
1671 1 1 729 729 690 690 0 0 0 0 0 0 1 1 0 0
1686 1 1 859 859 692 692 0 0 0 0 0 0 1 1 0 0
1689 1 1 1107 1107 692 692 0 0 0 0 0 0 1 1 0 0
1699 1 1 1067 1067 693 693 0 0 0 0 0 0 1 1 0 0
1717 1 1 1336 1336 694 694 0 0 0 0 0 0 1 1 0 0
1731 1 1 1818 1818 695 695 0 0 0 0 0 0 1 1 0 0
1733 1 1 1893 1893 695 695 0 0 0 0 0 0 1 1 0 0
1739 1 1 1172 1172 696 696 0 0 0 0 0 0 1 1 0 0
1742 1 1 1811 1811 696 696 0 0 0 0 0 0 1 1 0 0
1743 1 1 1831 1831 696 696 0 0 0 0 0 0 1 1 0 0
1756 1 1 1234 1234 698 698 0 0 0 0 0 0 1 1 0 0
1759 1 1 266 266 699 699 0 0 0 0 0 0 1 1 0 0
1786 1 1 1801 1801 700 700 0 0 0 0 0 0 1 1 0 0
1803 1 1 820 820 703 703 0 0 0 0 0 0 1 1 0 0
1837 1 1 1226 1226 710 710 0 0 0 0 0 0 1 1 0 0
1839 1 1 353 353 711 711 0 0 0 0 0 0 1 1 0 0
1845 1 1 1268 1268 711 711 0 0 0 0 0 0 1 1 0 0
1848 1 1 354 354 712 712 0 0 0 0 0 0 1 1 0 0
1854 1 1 1802 1802 713 713 0 0 0 0 0 0 1 1 0 0
1884 1 1 1119 1119 721 721 0 0 0 0 0 0 1 1 0 0
1886 1 1 1648 1648 721 721 0 0 0 0 0 0 1 1 0 0
1895 1 1 1299 1299 723 723 0 0 0 0 0 0 1 1 0 0
1897 1 1 1749 1749 723 723 0 0 0 0 0 0 1 1 0 0
1909 1 1 902 902 727 727 0 0 0 0 0 0 1 1 0 0
1944 1 1 661 661 732 732 0 0 0 0 0 0 1 1 0 0
1956 1 1 1201 1201 733 733 0 0 0 0 0 0 1 1 0 0
1976 1 1 1599 1599 736 736 0 0 0 0 0 0 1 1 0 0
1979 1 1 454 454 737 737 0 0 0 0 0 0 1 1 0 0
1989 1 1 1293 1293 738 738 0 0 0 0 0 0 1 1 0 0
1991 1 1 1618 1618 738 738 0 0 0 0 0 0 1 1 0 0
1996 1 1 456 456 740 740 0 0 0 0 0 0 1 1 0 0
1998 1 1 494 494 740 740 0 0 0 0 0 0 1 1 0 0
2012 1 1 1050 1050 741 741 0 0 0 0 0 0 1 1 0 0
2026 1 1 676 676 743 743 0 0 0 0 0 0 1 1 0 0
2028 1 1 1288 1288 743 743 0 0 0 0 0 0 1 1 0 0
2065 1 1 401 401 753 753 0 0 0 0 0 0 1 1 0 0
2075 1 1 913 913 755 755 0 0 0 0 0 0 1 1 0 0
2078 1 1 374 374 756 756 0 0 0 0 0 0 1 1 0 0
2084 1 1 1156 1156 756 756 0 0 0 0 0 0 1 1 0 0
2086 1 1 593 593 757 757 0 0 0 0 0 0 1 1 0 0
2087 1 1 648 648 757 757 0 0 0 0 0 0 1 1 0 0
2094 1 1 1712 1712 758 758 0 0 0 0 0 0 1 1 0 0
2106 1 1 691 691 760 760 0 0 0 0 0 0 1 1 0 0
2111 1 1 1071 1071 761 761 0 0 0 0 0 0 1 1 0 0
2114 1 1 1172 1172 761 761 0 0 0 0 0 0 1 1 0 0
2115 1 1 1201 1201 761 761 0 0 0 0 0 0 1 1 0 0
2130 1 1 1178 1178 764 764 0 0 0 0 0 0 1 1 0 0
2136 1 1 377 377 766 766 0 0 0 0 0 0 1 1 0 0
2137 1 1 512 512 766 766 0 0 0 0 0 0 1 1 0 0
2170 1 1 386 386 775 775 0 0 0 0 0 0 1 1 0 0
2173 1 1 1313 1313 776 776 0 0 0 0 0 0 1 1 0 0
2174 1 1 1194 1194 777 777 0 0 0 0 0 0 1 1 0 0
2175 1 1 1314 1314 777 777 0 0 0 0 0 0 1 1 0 0
2184 1 1 1756 1756 782 782 0 0 0 0 0 0 1 1 0 0
2188 1 1 512 512 784 784 0 0 0 0 0 0 1 1 0 0
2198 1 1 620 620 790 790 0 0 0 0 0 0 1 1 0 0
2222 1 1 227 227 798 798 0 0 0 0 0 0 1 1 0 0
2248 1 1 1607 1607 835 835 0 0 0 0 0 0 1 1 0 0
2251 1 1 1455 1455 836 836 0 0 0 0 0 0 1 1 0 0
2253 1 1 1621 1621 836 836 0 0 0 0 0 0 1 1 0 0
2256 1 1 364 364 857 857 0 0 0 0 0 0 1 1 0 0
2260 1 1 827 827 912 912 0 0 0 0 0 0 1 1 0 0
2261 1 1 812 812 919 919 0 0 0 0 0 0 1 1 0 0
2263 1 1 415 415 923 923 0 0 0 0 0 0 1 1 0 0
2269 1 1 902 902 925 925 0 0 0 0 0 0 1 1 0 0
2281 1 1 715 715 934 934 0 0 0 0 0 0 1 1 0 0
2285 1 1 347 347 935 935 0 0 0 0 0 0 1 1 0 0
2293 1 1 430 430 937 937 0 0 0 0 0 0 1 1 0 0
2298 1 1 317 317 940 940 0 0 0 0 0 0 1 1 0 0
2299 1 1 1254 1254 941 941 0 0 0 0 0 0 1 1 0 0
2312 1 1 518 518 949 949 0 0 0 0 0 0 1 1 0 0
2313 1 1 515 515 950 950 0 0 0 0 0 0 1 1 0 0
2322 1 1 1869 1869 963 963 0 0 0 0 0 0 1 1 0 0
