1 [1]
2 [2]
3 [3]
4 [4]
5 [5]
6 [2]
7 [7]
8 [8]
9 [2]
10 [10]
11 [11]
12 [12]
13 [13]
14 [2]
15 [2]
16 [2]
17 [2]
18 [2]
19 [2]
20 [20]
21 [2]
22 [2]
23 [23]
24 [2]
25 [25]
26 [26]
27 [27]
28 [28]
29 [29]
30 [2]
31 [2]
32 [2]
33 [2]
34 [34]
35 [35]
36 [36]
37 [37]
38 [38]
39 [27]
40 [40]
41 [41]
42 [2]
43 [2]
44 [2]
45 [45]
46 [46]
47 [27]
48 [2]
49 [49]
50 [50]
51 [2]
52 [52]
53 [2]
54 [54]
55 [55]
56 [2]
57 [57]
58 [2]
59 [59]
60 [60]
61 [61]
62 [62]
63 [2]
64 [64]
65 [2]
66 [27]
67 [2]
68 [68]
69 [69]
70 [70]
71 [71]
72 [2]
73 [73]
74 [74]
75 [75]
76 [76]
77 [77]
78 [2]
79 [2]
80 [2]
81 [81]
82 [2]
83 [2]
84 [84]
85 [2]
86 [86]
87 [87]
88 [2]
89 [2]
90 [1]
91 [2]
92 [92]
93 [2]
94 [27]
95 [95]
96 [96]
97 [2]
98 [2]
99 [99]
100 [100]
101 [81]
102 [102]
103 [2]
104 [2]
105 [2]
106 [2]
107 [2]
108 [108]
109 [109]
110 [2]
111 [111]
112 [112]
113 [99]
114 [114]
115 [115]
116 [116]
117 [117]
118 [118]
119 [114]
120 [2]
121 [121]
122 [122]
123 [123]
124 [124]
125 [70]
126 [2]
127 [2]
128 [128]
129 [2]
130 [130]
131 [99]
132 [132]
133 [133]
134 [2]
135 [2]
136 [2]
137 [2]
138 [138]
139 [70]
140 [2]
141 [2]
142 [2]
143 [2]
144 [144]
145 [145]
146 [146]
147 [2]
148 [2]
149 [70]
150 [2]
151 [2]
152 [2]
153 [2]
154 [154]
155 [155]
156 [2]
157 [2]
158 [158]
159 [2]
160 [2]
161 [2]
162 [2]
163 [2]
164 [2]
165 [2]
166 [2]
167 [2]
168 [2]
169 [169]
170 [2]
171 [171]
172 [2]
173 [2]
174 [2]
175 [2]
176 [176]
177 [177]
178 [2]
179 [179]
180 [2]
181 [2]
182 [2]
183 [2]
184 [2]
185 [2]
186 [2]
187 [2]
188 [2]
189 [2]
190 [2]
191 [2]
192 [192]
193 [193]
194 [192]
195 [192]
196 [192]
197 [2]
198 [2]
199 [199]
200 [200]
201 [2]
202 [2]
203 [2]
204 [204]
205 [2]
206 [206]
207 [2]
208 [208]
209 [2]
210 [210]
211 [2]
212 [212]
213 [2]
214 [2]
215 [215]
216 [2]
217 [2]
218 [2]
219 [2]
220 [2]
221 [221]
222 [2]
223 [221]
224 [224]
225 [224]
226 [221]
227 [224]
228 [228]
229 [221]
230 [230]
231 [231]
232 [2]
233 [2]
234 [221]
235 [235]
236 [236]
237 [2]
238 [238]
239 [239]
240 [240]
241 [2]
242 [242]
243 [243]
244 [2]
245 [2]
246 [246]
247 [247]
248 [2]
249 [249]
250 [250]
251 [249]
252 [2]
253 [249]
254 [2]
255 [255]
256 [2]
257 [2]
258 [2]
259 [2]
260 [2]
261 [2]
262 [262]
263 [255]
264 [264]
265 [2]
266 [2]
267 [2]
268 [2]
269 [2]
270 [270]
271 [2]
272 [2]
273 [273]
274 [2]
275 [275]
276 [276]
277 [277]
278 [2]
279 [2]
280 [2]
281 [2]
282 [2]
283 [2]
284 [2]
285 [285]
286 [286]
287 [2]
288 [2]
289 [2]
290 [2]
291 [2]
292 [2]
293 [293]
294 [294]
295 [295]
296 [294]
297 [297]
298 [297]
299 [297]
300 [300]
301 [301]
302 [2]
303 [303]
304 [2]
305 [305]
306 [306]
307 [307]
308 [308]
309 [309]
310 [310]
311 [311]
312 [312]
313 [313]
314 [2]
315 [2]
316 [312]
317 [2]
318 [2]
319 [2]
320 [320]
321 [321]
322 [322]
323 [323]
324 [2]
325 [2]
326 [2]
327 [2]
328 [2]
329 [2]
330 [2]
331 [2]
332 [2]
333 [2]
334 [2]
335 [2]
336 [2]
337 [2]
338 [2]
339 [2]
340 [2]
341 [2]
342 [2]
343 [2]
344 [2]
345 [2]
346 [2]
347 [2]
348 [2]
349 [2]
350 [2]
351 [2]
352 [2]
353 [2]
354 [2]
355 [2]
356 [2]
357 [2]
358 [2]
359 [2]
360 [2]
361 [2]
362 [2]
363 [2]
364 [364]
365 [364]
366 [2]
367 [364]
368 [2]
369 [2]
370 [364]
371 [364]
372 [364]
373 [364]
374 [364]
375 [375]
376 [364]
377 [364]
378 [364]
379 [364]
380 [375]
381 [375]
382 [375]
383 [375]
384 [375]
385 [375]
386 [375]
387 [375]
388 [375]
389 [375]
390 [390]
391 [390]
392 [390]
393 [390]
394 [390]
395 [390]
396 [390]
397 [390]
398 [390]
399 [390]
400 [390]
401 [390]
402 [390]
403 [390]
404 [390]
405 [390]
406 [390]
407 [390]
408 [390]
409 [409]
410 [409]
411 [409]
412 [412]
413 [413]
414 [414]
415 [414]
416 [414]
417 [414]
418 [414]
419 [414]
420 [420]
421 [420]
422 [420]
423 [420]
424 [420]
425 [420]
426 [420]
427 [427]
428 [420]
429 [429]
430 [430]
431 [431]
432 [432]
433 [420]
434 [434]
435 [435]
436 [436]
437 [437]
438 [432]
439 [420]
440 [440]
441 [420]
442 [436]
443 [420]
444 [436]
445 [420]
446 [420]
447 [436]
448 [420]
449 [420]
450 [436]
451 [420]
452 [436]
453 [420]
454 [436]
455 [420]
456 [420]
457 [420]
458 [458]
459 [459]
460 [458]
461 [459]
462 [462]
463 [459]
464 [459]
465 [459]
466 [466]
467 [467]
468 [466]
469 [467]
470 [470]
471 [420]
472 [420]
473 [473]
474 [474]
475 [420]
476 [476]
477 [477]
478 [477]
479 [420]
480 [420]
481 [481]
482 [476]
483 [420]
484 [484]
485 [485]
486 [420]
487 [420]
488 [420]
489 [420]
490 [477]
491 [420]
492 [492]
493 [493]
494 [420]
495 [420]
496 [420]
497 [492]
498 [498]
499 [420]
500 [493]
501 [492]
502 [502]
503 [420]
504 [492]
505 [492]
506 [506]
507 [507]
508 [508]
509 [509]
510 [510]
511 [511]
512 [509]
513 [513]
514 [511]
515 [509]
516 [509]
517 [511]
518 [509]
519 [493]
520 [520]
521 [420]
522 [420]
523 [502]
524 [502]
525 [502]
526 [502]
527 [420]
528 [493]
529 [502]
530 [530]
531 [520]
532 [532]
533 [420]
534 [532]
535 [535]
536 [536]
537 [537]
538 [520]
539 [520]
540 [520]
541 [541]
542 [542]
543 [543]
544 [541]
545 [541]
546 [543]
547 [547]
548 [541]
549 [541]
550 [550]
551 [420]
552 [552]
553 [543]
554 [554]
555 [541]
556 [542]
557 [557]
558 [542]
559 [541]
560 [541]
561 [561]
562 [562]
563 [563]
564 [554]
565 [565]
566 [420]
567 [563]
568 [568]
569 [568]
570 [570]
571 [571]
572 [568]
573 [565]
574 [574]
575 [420]
576 [576]
577 [577]
578 [578]
579 [579]
580 [580]
581 [581]
582 [561]
583 [581]
584 [584]
585 [585]
586 [586]
587 [587]
588 [588]
589 [584]
590 [590]
591 [591]
592 [592]
593 [593]
594 [594]
595 [593]
596 [596]
597 [597]
598 [590]
599 [599]
600 [599]
601 [601]
602 [601]
603 [603]
604 [599]
605 [599]
606 [601]
607 [607]
608 [608]
609 [599]
610 [608]
611 [611]
612 [608]
613 [599]
614 [611]
615 [599]
616 [599]
617 [599]
618 [601]
619 [608]
620 [599]
621 [420]
622 [599]
623 [599]
624 [599]
625 [599]
626 [599]
627 [599]
628 [599]
629 [607]
630 [599]
631 [599]
632 [599]
633 [599]
634 [599]
635 [599]
636 [636]
637 [599]
638 [599]
639 [599]
640 [599]
641 [599]
642 [642]
643 [599]
644 [599]
645 [599]
646 [599]
647 [647]
648 [599]
649 [599]
650 [647]
651 [651]
652 [652]
653 [599]
654 [599]
655 [652]
656 [599]
657 [599]
658 [658]
659 [659]
660 [599]
661 [661]
662 [599]
663 [599]
664 [661]
665 [599]
666 [599]
667 [599]
668 [599]
669 [669]
670 [670]
671 [671]
672 [672]
673 [599]
674 [674]
675 [659]
676 [676]
677 [677]
678 [678]
679 [674]
680 [599]
681 [599]
682 [599]
683 [683]
684 [684]
685 [599]
686 [599]
687 [599]
688 [688]
689 [661]
690 [661]
691 [599]
692 [642]
693 [661]
694 [694]
695 [599]
696 [696]
697 [697]
698 [698]
699 [699]
700 [700]
701 [701]
702 [702]
703 [703]
704 [704]
705 [700]
706 [599]
707 [642]
708 [704]
709 [709]
710 [710]
711 [711]
712 [642]
713 [709]
714 [714]
715 [715]
716 [700]
717 [717]
718 [599]
719 [642]
720 [717]
721 [717]
722 [722]
723 [723]
724 [717]
725 [725]
726 [722]
727 [642]
728 [723]
729 [723]
730 [730]
731 [722]
732 [599]
733 [723]
734 [723]
735 [599]
736 [642]
737 [723]
738 [723]
739 [739]
740 [740]
741 [739]
742 [742]
743 [743]
744 [723]
745 [739]
746 [746]
747 [747]
748 [748]
749 [711]
750 [642]
751 [739]
752 [748]
753 [753]
754 [754]
755 [739]
756 [756]
757 [599]
758 [599]
759 [759]
760 [739]
761 [599]
762 [599]
763 [763]
764 [709]
765 [765]
766 [766]
767 [766]
768 [739]
769 [769]
770 [770]
771 [771]
772 [766]
773 [766]
774 [771]
775 [775]
776 [766]
777 [777]
778 [599]
779 [599]
780 [748]
781 [781]
782 [771]
783 [771]
784 [766]
785 [599]
786 [781]
787 [739]
788 [599]
789 [739]
790 [748]
791 [781]
792 [711]
793 [763]
794 [775]
795 [599]
796 [739]
797 [771]
798 [599]
799 [599]
800 [800]
801 [739]
802 [739]
803 [599]
804 [781]
805 [711]
806 [806]
807 [807]
808 [808]
809 [709]
810 [775]
811 [811]
812 [739]
813 [739]
814 [814]
815 [599]
816 [816]
817 [711]
818 [818]
819 [711]
820 [599]
821 [821]
822 [599]
823 [599]
824 [599]
825 [748]
826 [826]
827 [827]
828 [599]
829 [599]
830 [599]
831 [831]
832 [808]
833 [771]
834 [834]
835 [599]
836 [836]
837 [709]
838 [599]
839 [839]
840 [836]
841 [739]
842 [839]
843 [843]
844 [709]
845 [845]
846 [599]
847 [599]
848 [839]
849 [839]
850 [599]
851 [839]
852 [852]
853 [845]
854 [854]
855 [855]
856 [599]
857 [599]
858 [599]
859 [859]
860 [860]
861 [855]
862 [599]
863 [839]
864 [839]
865 [839]
866 [839]
867 [867]
868 [868]
869 [869]
870 [870]
871 [871]
872 [771]
873 [839]
874 [839]
875 [839]
876 [867]
877 [868]
878 [878]
879 [879]
880 [855]
881 [839]
882 [839]
883 [883]
884 [771]
885 [775]
886 [886]
887 [839]
888 [775]
889 [889]
890 [878]
891 [891]
892 [709]
893 [709]
894 [894]
895 [855]
896 [599]
897 [897]
898 [898]
899 [599]
900 [868]
901 [878]
902 [902]
903 [599]
904 [904]
905 [905]
906 [906]
907 [709]
908 [905]
909 [868]
910 [910]
911 [878]
912 [878]
913 [839]
914 [897]
915 [868]
916 [775]
917 [917]
918 [918]
919 [839]
920 [920]
921 [868]
922 [922]
923 [878]
924 [924]
925 [709]
926 [709]
927 [709]
928 [775]
929 [898]
930 [930]
931 [918]
932 [932]
933 [839]
934 [934]
935 [935]
936 [709]
937 [937]
938 [898]
939 [939]
940 [878]
941 [941]
942 [942]
943 [943]
944 [944]
945 [897]
946 [904]
947 [947]
948 [924]
949 [941]
950 [950]
951 [951]
952 [944]
953 [924]
954 [775]
955 [955]
956 [897]
957 [904]
958 [958]
959 [958]
960 [958]
961 [961]
962 [878]
963 [955]
964 [958]
965 [958]
966 [966]
967 [775]
968 [968]
969 [955]
970 [839]
971 [904]
972 [868]
973 [924]
974 [958]
975 [878]
976 [924]
977 [958]
978 [978]
979 [924]
980 [980]
981 [981]
982 [924]
983 [983]
984 [599]
985 [985]
986 [839]
987 [839]
988 [839]
989 [983]
990 [599]
991 [991]
992 [839]
993 [993]
994 [994]
995 [995]
996 [996]
997 [997]
998 [998]
999 [999]
1000 [958]
1001 [994]
1002 [1002]
1003 [599]
1004 [958]
1005 [1005]
1006 [599]
1007 [958]
1008 [958]
1009 [994]
1010 [994]
1011 [599]
1012 [999]
1013 [958]
1014 [958]
1015 [958]
1016 [924]
1017 [983]
1018 [1018]
1019 [1019]
1020 [924]
1021 [1021]
1022 [599]
1023 [1023]
1024 [1024]
1025 [983]
1026 [1018]
1027 [599]
1028 [599]
1029 [839]
1030 [1030]
1031 [1031]
1032 [1024]
1033 [1024]
1034 [1034]
1035 [599]
1036 [599]
1037 [599]
1038 [958]
1039 [924]
1040 [599]
1041 [958]
1042 [1042]
1043 [1023]
1044 [1023]
1045 [1045]
1046 [1046]
1047 [599]
1048 [1048]
1049 [599]
1050 [599]
1051 [599]
1052 [1052]
1053 [839]
1054 [839]
1055 [839]
1056 [999]
1057 [1057]
1058 [1057]
1059 [1059]
1060 [924]
1061 [1024]
1062 [1062]
1063 [599]
1064 [599]
1065 [1065]
1066 [1066]
1067 [599]
1068 [599]
1069 [599]
1070 [1070]
1071 [1052]
1072 [839]
1073 [839]
1074 [1057]
1075 [1075]
1076 [924]
1077 [1077]
1078 [1078]
1079 [1079]
1080 [1080]
1081 [599]
1082 [599]
1083 [599]
1084 [599]
1085 [599]
1086 [599]
1087 [599]
1088 [599]
1089 [599]
1090 [958]
1091 [1091]
1092 [1023]
1093 [924]
1094 [1094]
1095 [1095]
1096 [1096]
1097 [599]
1098 [599]
1099 [1057]
1100 [1057]
1101 [1057]
1102 [1102]
1103 [1023]
1104 [924]
1105 [1105]
1106 [1094]
1107 [1095]
1108 [1108]
1109 [1109]
1110 [599]
1111 [1111]
1112 [1057]
1113 [1023]
1114 [1024]
1115 [1115]
1116 [1102]
1117 [1117]
1118 [1023]
1119 [1119]
1120 [1120]
1121 [1119]
1122 [1122]
1123 [1123]
1124 [1070]
1125 [1125]
1126 [1126]
1127 [1127]
1128 [1024]
1129 [1129]
1130 [599]
1131 [1131]
1132 [958]
1133 [1057]
1134 [878]
1135 [924]
1136 [1129]
1137 [1131]
1138 [1126]
1139 [1102]
1140 [924]
1141 [1141]
1142 [1141]
1143 [1143]
1144 [839]
1145 [1145]
1146 [1023]
1147 [1141]
1148 [1148]
1149 [1149]
1150 [1150]
1151 [1151]
1152 [1152]
1153 [1153]
1154 [839]
1155 [1155]
1156 [1155]
1157 [1155]
1158 [1158]
1159 [1159]
1160 [1023]
1161 [1023]
1162 [924]
1163 [1163]
1164 [1164]
1165 [1165]
1166 [1166]
1167 [1167]
1168 [1024]
1169 [1169]
1170 [1155]
1171 [1158]
1172 [924]
1173 [1173]
1174 [1174]
1175 [1169]
1176 [1023]
1177 [1177]
1178 [599]
1179 [1179]
1180 [1179]
1181 [599]
1182 [1182]
1183 [1183]
1184 [1155]
1185 [1158]
1186 [878]
1187 [878]
1188 [924]
1189 [1173]
1190 [1190]
1191 [599]
1192 [599]
1193 [1070]
1194 [1155]
1195 [924]
1196 [1196]
1197 [1197]
1198 [1198]
1199 [1199]
1200 [1155]
1201 [1201]
1202 [924]
1203 [1173]
1204 [1204]
1205 [1177]
1206 [1196]
1207 [1207]
1208 [599]
1209 [839]
1210 [1155]
1211 [1201]
1212 [1204]
1213 [1196]
1214 [1214]
1215 [1215]
1216 [839]
1217 [1199]
1218 [1155]
1219 [1219]
1220 [1201]
1221 [1221]
1222 [1222]
1223 [1196]
1224 [1224]
1225 [1214]
1226 [1226]
1227 [1227]
1228 [599]
1229 [1229]
1230 [839]
1231 [1231]
1232 [1219]
1233 [1221]
1234 [1214]
1235 [1235]
1236 [1229]
1237 [839]
1238 [878]
1239 [924]
1240 [1240]
1241 [1241]
1242 [1070]
1243 [1201]
1244 [1244]
1245 [924]
1246 [1246]
1247 [1247]
1248 [1248]
1249 [599]
1250 [1250]
1251 [1251]
1252 [1252]
1253 [1253]
1254 [1254]
1255 [1255]
1256 [1256]
1257 [1257]
1258 [1258]
1259 [1259]
1260 [1260]
1261 [1201]
1262 [1262]
1263 [924]
1264 [1264]
1265 [1250]
1266 [1266]
1267 [1267]
1268 [1268]
1269 [1269]
1270 [1253]
1271 [1254]
1272 [1256]
1273 [1273]
1274 [1274]
1275 [1260]
1276 [1201]
1277 [1277]
1278 [1278]
1279 [1262]
1280 [1280]
1281 [924]
1282 [1282]
1283 [1283]
1284 [1284]
1285 [1252]
1286 [1286]
1287 [1287]
1288 [1288]
1289 [1289]
1290 [1290]
1291 [1267]
1292 [1284]
1293 [1293]
1294 [1155]
1295 [1295]
1296 [1296]
1297 [924]
1298 [1298]
1299 [1284]
1300 [1300]
1301 [1278]
1302 [1288]
1303 [1296]
1304 [1262]
1305 [924]
1306 [1298]
1307 [1307]
1308 [1284]
1309 [1309]
1310 [1300]
1311 [1257]
1312 [1260]
1313 [1277]
1314 [1288]
1315 [1315]
1316 [924]
1317 [924]
1318 [1307]
1319 [1284]
1320 [1300]
1321 [1321]
1322 [1257]
1323 [1288]
1324 [924]
1325 [1309]
1326 [1309]
1327 [1300]
1328 [1257]
1329 [1277]
1330 [1288]
1331 [924]
1332 [924]
1333 [924]
1334 [1334]
1335 [1335]
1336 [1336]
1337 [1309]
1338 [1309]
1339 [1339]
1340 [1340]
1341 [1341]
1342 [1201]
1343 [1343]
1344 [1344]
1345 [924]
1346 [1334]
1347 [599]
1348 [1348]
1349 [1336]
1350 [1336]
1351 [1309]
1352 [1309]
1353 [1353]
1354 [1343]
1355 [924]
1356 [1356]
1357 [1336]
1358 [1358]
1359 [1359]
1360 [1360]
1361 [924]
1362 [1356]
1363 [1363]
1364 [1364]
1365 [599]
1366 [1307]
1367 [839]
1368 [1368]
1369 [1309]
1370 [1288]
1371 [878]
1372 [1372]
1373 [1373]
1374 [1374]
1375 [1375]
1376 [1307]
1377 [1307]
1378 [1307]
1379 [1307]
1380 [1368]
1381 [1309]
1382 [1288]
1383 [1372]
1384 [1373]
1385 [1385]
1386 [1386]
1387 [599]
1388 [1375]
1389 [1307]
1390 [1368]
1391 [1391]
1392 [1386]
1393 [599]
1394 [1394]
1395 [1307]
1396 [1341]
1397 [1397]
1398 [1288]
1399 [1399]
1400 [1386]
1401 [1401]
1402 [1339]
1403 [1341]
1404 [1404]
1405 [1288]
1406 [1288]
1407 [1288]
1408 [1408]
1409 [1401]
1410 [599]
1411 [1309]
1412 [1309]
1413 [1341]
1414 [1404]
1415 [1288]
1416 [1399]
1417 [924]
1418 [599]
1419 [1419]
1420 [1336]
1421 [1309]
1422 [1309]
1423 [1423]
1424 [924]
1425 [1401]
1426 [1426]
1427 [599]
1428 [1336]
1429 [1309]
1430 [1288]
1431 [924]
1432 [924]
1433 [599]
1434 [1434]
1435 [1307]
1436 [1288]
1437 [924]
1438 [1386]
1439 [599]
1440 [1307]
1441 [1307]
1442 [1307]
1443 [1309]
1444 [1444]
1445 [1386]
1446 [599]
1447 [1307]
1448 [1307]
1449 [1307]
1450 [1450]
1451 [1309]
1452 [1309]
1453 [1309]
1454 [1454]
1455 [1288]
1456 [1456]
1457 [1444]
1458 [1386]
1459 [599]
1460 [1307]
1461 [1307]
1462 [1450]
1463 [1309]
1464 [1309]
1465 [1288]
1466 [1444]
1467 [1386]
1468 [599]
1469 [599]
1470 [1470]
1471 [1471]
1472 [1472]
1473 [1307]
1474 [1307]
1475 [1307]
1476 [1476]
1477 [1477]
1478 [1309]
1479 [1309]
1480 [1480]
1481 [1444]
1482 [1482]
1483 [1386]
1484 [1477]
1485 [1309]
1486 [1309]
1487 [1288]
1488 [1488]
1489 [1307]
1490 [1309]
1491 [1309]
1492 [1309]
1493 [1288]
1494 [1494]
1495 [1307]
1496 [1307]
1497 [1307]
1498 [1288]
1499 [1494]
1500 [1500]
1501 [1500]
1502 [1307]
1503 [1503]
1504 [1504]
1505 [1500]
1506 [1307]
1507 [1503]
1508 [1504]
1509 [1509]
1510 [1288]
1511 [1511]
1512 [599]
1513 [1307]
1514 [1307]
1515 [1309]
1516 [1309]
1517 [1309]
1518 [1309]
1519 [1519]
1520 [1309]
1521 [1288]
1522 [1522]
1523 [1523]
1524 [1524]
1525 [1525]
1526 [1307]
1527 [1309]
1528 [1309]
1529 [1309]
1530 [1309]
1531 [1531]
1532 [1288]
1533 [1288]
1534 [1523]
1535 [1535]
1536 [1525]
1537 [1307]
1538 [1307]
1539 [1307]
1540 [1307]
1541 [1307]
1542 [1307]
1543 [1543]
1544 [1543]
1545 [1545]
1546 [1309]
1547 [1309]
1548 [1288]
1549 [1288]
1550 [1550]
1551 [1551]
1552 [1535]
1553 [1553]
1554 [1307]
1555 [1477]
1556 [1309]
1557 [1288]
1558 [1550]
1559 [1559]
1560 [1560]
1561 [1523]
1562 [599]
1563 [1563]
1564 [1307]
1565 [1307]
1566 [1543]
1567 [1567]
1568 [1309]
1569 [1309]
1570 [1309]
1571 [1288]
1572 [1560]
1573 [1573]
1574 [1574]
1575 [1575]
1576 [1576]
1577 [1577]
1578 [1578]
1579 [599]
1580 [1309]
1581 [1309]
1582 [1578]
1583 [599]
1584 [1553]
1585 [1543]
1586 [1550]
1587 [1550]
1588 [1560]
1589 [1576]
1590 [599]
1591 [1591]
1592 [1592]
1593 [1593]
1594 [1309]
1595 [1595]
1596 [1560]
1597 [1597]
1598 [1598]
1599 [1599]
1600 [1307]
1601 [1307]
1602 [1591]
1603 [1309]
1604 [1604]
1605 [1560]
1606 [1606]
1607 [1597]
1608 [1599]
1609 [1609]
1610 [1553]
1611 [1307]
1612 [1612]
1613 [1309]
1614 [1309]
1615 [1288]
1616 [1576]
1617 [1576]
1618 [1576]
1619 [1599]
1620 [1307]
1621 [1288]
1622 [1622]
1623 [1576]
1624 [1576]
1625 [1576]
1626 [1609]
1627 [1627]
1628 [1307]
1629 [1622]
1630 [1576]
1631 [1599]
1632 [1609]
1633 [599]
1634 [1307]
1635 [1597]
1636 [1576]
1637 [1576]
1638 [1609]
1639 [1627]
1640 [1307]
1641 [1609]
1642 [1609]
1643 [1609]
1644 [599]
1645 [1645]
1646 [1597]
1647 [1647]
1648 [1648]
1649 [1649]
1650 [1650]
1651 [1651]
1652 [1307]
1653 [1307]
1654 [1654]
1655 [1597]
1656 [1656]
1657 [1657]
1658 [1658]
1659 [1659]
1660 [1660]
1661 [1661]
1662 [1662]
1663 [1609]
1664 [1609]
1665 [1609]
1666 [1650]
1667 [1667]
1668 [1668]
1669 [1597]
1670 [1650]
1671 [1671]
1672 [1307]
1673 [1673]
1674 [1597]
1675 [1597]
1676 [599]
1677 [1309]
1678 [1678]
1679 [1288]
1680 [1673]
1681 [1681]
1682 [1681]
1683 [1576]
1684 [1684]
1685 [1307]
1686 [1686]
1687 [1309]
1688 [1309]
1689 [1689]
1690 [1681]
1691 [1576]
1692 [1692]
1693 [1693]
1694 [1693]
1695 [1650]
1696 [599]
1697 [1697]
1698 [1698]
1699 [1699]
1700 [1681]
1701 [1576]
1702 [1576]
1703 [1693]
1704 [1693]
1705 [1693]
1706 [1693]
1707 [1693]
1708 [1708]
1709 [599]
1710 [599]
1711 [599]
1712 [1307]
1713 [1713]
1714 [1714]
1715 [1681]
1716 [1576]
1717 [1717]
1718 [1693]
1719 [1693]
1720 [1693]
1721 [1708]
1722 [1708]
1723 [1723]
1724 [1650]
1725 [1713]
1726 [1726]
1727 [1727]
1728 [1597]
1729 [1693]
1730 [1730]
1731 [1731]
1732 [1732]
1733 [1733]
1734 [1723]
1735 [1307]
1736 [1736]
1737 [1737]
1738 [1738]
1739 [1739]
1740 [1740]
1741 [1576]
1742 [1742]
1743 [1743]
1744 [1744]
1745 [599]
1746 [1746]
1747 [1309]
1748 [1748]
1749 [1576]
1750 [1750]
1751 [599]
1752 [1307]
1753 [1746]
1754 [1754]
1755 [1755]
1756 [1756]
1757 [1576]
1758 [1750]
1759 [1759]
1760 [599]
1761 [599]
1762 [599]
1763 [1763]
1764 [1307]
1765 [1309]
1766 [1309]
1767 [1767]
1768 [1693]
1769 [1693]
1770 [1693]
1771 [1693]
1772 [1693]
1773 [1744]
1774 [1744]
1775 [1744]
1776 [1776]
1777 [599]
1778 [599]
1779 [599]
1780 [599]
1781 [599]
1782 [599]
1783 [1307]
1784 [1309]
1785 [1597]
1786 [1786]
1787 [599]
1788 [599]
1789 [599]
1790 [1597]
1791 [1597]
1792 [1792]
1793 [1793]
1794 [1794]
1795 [599]
1796 [599]
1797 [1597]
1798 [1597]
1799 [1597]
1800 [599]
1801 [599]
1802 [599]
1803 [1803]
1804 [1309]
1805 [1288]
1806 [1792]
1807 [1792]
1808 [1808]
1809 [599]
1810 [1307]
1811 [1792]
1812 [1812]
1813 [1744]
1814 [599]
1815 [1693]
1816 [1816]
1817 [1288]
1818 [1744]
1819 [1819]
1820 [1816]
1821 [1821]
1822 [1693]
1823 [1693]
1824 [1693]
1825 [1693]
1826 [1812]
1827 [599]
1828 [599]
1829 [1829]
1830 [1821]
1831 [1288]
1832 [1693]
1833 [599]
1834 [1834]
1835 [1835]
1836 [599]
1837 [1837]
1838 [1693]
1839 [1839]
1840 [599]
1841 [599]
1842 [599]
1843 [1843]
1844 [1288]
1845 [1845]
1846 [1846]
1847 [1693]
1848 [1848]
1849 [1849]
1850 [1846]
1851 [1744]
1852 [1849]
1853 [1846]
1854 [1854]
1855 [599]
1856 [1856]
1857 [599]
1858 [599]
1859 [599]
1860 [1860]
1861 [1861]
1862 [1309]
1863 [1863]
1864 [1864]
1865 [1865]
1866 [1863]
1867 [1693]
1868 [1864]
1869 [1865]
1870 [599]
1871 [1846]
1872 [1872]
1873 [1873]
1874 [1874]
1875 [1874]
1876 [1874]
1877 [1877]
1878 [599]
1879 [1879]
1880 [1846]
1881 [1873]
1882 [599]
1883 [1309]
1884 [1884]
1885 [1885]
1886 [1886]
1887 [599]
1888 [1873]
1889 [1889]
1890 [1890]
1891 [1891]
1892 [599]
1893 [1893]
1894 [1873]
1895 [1895]
1896 [1896]
1897 [1897]
1898 [599]
1899 [599]
1900 [1900]
1901 [1893]
1902 [1902]
1903 [1903]
1904 [599]
1905 [1900]
1906 [1906]
1907 [599]
1908 [599]
1909 [1909]
1910 [1893]
1911 [1903]
1912 [1912]
1913 [1906]
1914 [599]
1915 [1915]
1916 [1916]
1917 [1893]
1918 [1893]
1919 [1919]
1920 [1920]
1921 [1903]
1922 [599]
1923 [1915]
1924 [1924]
1925 [1916]
1926 [1926]
1927 [1889]
1928 [1906]
1929 [1924]
1930 [1926]
1931 [1893]
1932 [1889]
1933 [1889]
1934 [1906]
1935 [1935]
1936 [1936]
1937 [1924]
1938 [1893]
1939 [1893]
1940 [1940]
1941 [1941]
1942 [1936]
1943 [1943]
1944 [1944]
1945 [1924]
1946 [1946]
1947 [1947]
1948 [1926]
1949 [1893]
1950 [1893]
1951 [1951]
1952 [1889]
1953 [1953]
1954 [1954]
1955 [1893]
1956 [1956]
1957 [1957]
1958 [1940]
1959 [1889]
1960 [1889]
1961 [1889]
1962 [1889]
1963 [1889]
1964 [1889]
1965 [1965]
1966 [1966]
1967 [1893]
1968 [1889]
1969 [1889]
1970 [1970]
1971 [1971]
1972 [1893]
1973 [1893]
1974 [1893]
1975 [1889]
1976 [1976]
1977 [1977]
1978 [1978]
1979 [1979]
1980 [1893]
1981 [1981]
1982 [1982]
1983 [599]
1984 [1984]
1985 [1926]
1986 [1893]
1987 [1893]
1988 [1893]
1989 [1989]
1990 [1889]
1991 [1991]
1992 [1924]
1993 [1984]
1994 [1893]
1995 [1889]
1996 [1996]
1997 [1997]
1998 [1998]
1999 [1924]
2000 [1984]
2001 [1926]
2002 [2002]
2003 [1893]
2004 [2004]
2005 [2004]
2006 [1981]
2007 [2007]
2008 [1924]
2009 [1984]
2010 [1926]
2011 [2002]
2012 [2012]
2013 [1889]
2014 [1981]
2015 [2015]
2016 [1984]
2017 [1926]
2018 [2018]
2019 [1926]
2020 [2004]
2021 [1889]
2022 [2022]
2023 [2023]
2024 [2015]
2025 [2025]
2026 [2026]
2027 [2027]
2028 [2028]
2029 [1889]
2030 [2007]
2031 [1926]
2032 [1889]
2033 [1889]
2034 [2007]
2035 [2035]
2036 [2036]
2037 [2037]
2038 [1926]
2039 [1926]
2040 [1889]
2041 [1981]
2042 [2037]
2043 [1926]
2044 [1926]
2045 [1893]
2046 [2037]
2047 [1926]
2048 [1926]
2049 [2049]
2050 [1924]
2051 [1970]
2052 [2052]
2053 [1926]
2054 [1926]
2055 [2055]
2056 [1926]
2057 [2057]
2058 [2055]
2059 [1970]
2060 [1926]
2061 [2061]
2062 [2057]
2063 [2057]
2064 [2055]
2065 [2065]
2066 [2061]
2067 [2057]
2068 [2057]
2069 [1970]
2070 [2070]
2071 [1926]
2072 [2057]
2073 [2073]
2074 [2070]
2075 [2075]
2076 [2070]
2077 [1926]
2078 [2078]
2079 [2079]
2080 [2080]
2081 [2081]
2082 [1926]
2083 [1926]
2084 [2084]
2085 [2085]
2086 [2086]
2087 [2087]
2088 [2085]
2089 [2080]
2090 [2090]
2091 [2070]
2092 [1926]
2093 [2093]
2094 [2094]
2095 [2080]
2096 [2096]
2097 [2070]
2098 [2070]
2099 [1926]
2100 [1926]
2101 [2101]
2102 [2102]
2103 [2057]
2104 [2080]
2105 [2096]
2106 [2106]
2107 [2080]
2108 [2108]
2109 [2096]
2110 [2070]
2111 [2111]
2112 [1926]
2113 [1926]
2114 [2114]
2115 [2115]
2116 [2116]
2117 [2057]
2118 [2096]
2119 [1926]
2120 [2120]
2121 [2057]
2122 [2122]
2123 [2080]
2124 [2116]
2125 [2125]
2126 [2125]
2127 [2080]
2128 [2096]
2129 [2129]
2130 [2130]
2131 [2057]
2132 [2057]
2133 [2133]
2134 [2134]
2135 [2057]
2136 [2136]
2137 [2137]
2138 [2133]
2139 [2139]
2140 [2134]
2141 [1889]
2142 [2142]
2143 [2143]
2144 [2144]
2145 [2070]
2146 [2070]
2147 [2147]
2148 [2148]
2149 [2070]
2150 [2150]
2151 [2096]
2152 [2143]
2153 [2153]
2154 [2154]
2155 [1889]
2156 [2057]
2157 [2157]
2158 [2057]
2159 [2159]
2160 [2160]
2161 [2161]
2162 [2162]
2163 [2163]
2164 [2160]
2165 [2096]
2166 [2163]
2167 [2160]
2168 [2168]
2169 [2096]
2170 [2170]
2171 [2160]
2172 [2172]
2173 [2173]
2174 [2174]
2175 [2175]
2176 [2176]
2177 [1926]
2178 [2178]
2179 [2179]
2180 [2144]
2181 [2181]
2182 [2160]
2183 [2181]
2184 [2184]
2185 [2185]
2186 [2160]
2187 [2070]
2188 [2188]
2189 [2189]
2190 [2190]
2191 [2190]
2192 [2192]
2193 [2193]
2194 [2190]
2195 [2190]
2196 [2144]
2197 [1926]
2198 [2198]
2199 [2096]
2200 [2144]
2201 [2144]
2202 [2202]
2203 [2203]
2204 [1926]
2205 [2205]
2206 [2206]
2207 [2206]
2208 [2206]
2209 [2209]
2210 [2206]
2211 [2206]
2212 [2206]
2213 [2213]
2214 [2209]
2215 [2206]
2216 [2216]
2217 [2217]
2218 [2206]
2219 [2206]
2220 [2206]
2221 [2206]
2222 [2222]
2223 [2206]
2224 [2206]
2225 [2206]
2226 [2206]
2227 [2206]
2228 [2206]
2229 [2229]
2230 [2230]
2231 [2231]
2232 [2231]
2233 [2231]
2234 [2231]
2235 [2206]
2236 [2206]
2237 [2237]
2238 [2238]
2239 [2239]
2240 [2240]
2241 [2241]
2242 [2241]
2243 [2241]
2244 [2241]
2245 [2241]
2246 [2241]
2247 [2247]
2248 [2248]
2249 [2249]
2250 [2247]
2251 [2251]
2252 [2249]
2253 [2253]
2254 [2247]
2255 [2247]
2256 [2256]
2257 [2257]
2258 [2258]
2259 [2258]
2260 [2260]
2261 [2261]
2262 [2262]
2263 [2263]
2264 [2264]
2265 [2264]
2266 [2266]
2267 [2267]
2268 [2262]
2269 [2269]
2270 [2267]
2271 [2262]
2272 [2272]
2273 [2272]
2274 [2274]
2275 [2272]
2276 [2276]
2277 [2262]
2278 [2278]
2279 [2272]
2280 [2280]
2281 [2281]
2282 [2262]
2283 [2283]
2284 [2278]
2285 [2285]
2286 [2286]
2287 [2280]
2288 [2288]
2289 [2289]
2290 [2290]
2291 [2291]
2292 [2292]
2293 [2293]
2294 [2294]
2295 [2290]
2296 [2290]
2297 [2290]
2298 [2298]
2299 [2299]
2300 [2300]
2301 [2301]
2302 [2301]
2303 [2303]
2304 [2304]
2305 [2301]
2306 [2306]
2307 [2307]
2308 [2308]
2309 [2304]
2310 [2310]
2311 [2310]
2312 [2312]
2313 [2313]
2314 [2314]
2315 [2315]
2316 [2316]
2317 [2317]
2318 [2318]
2319 [2318]
2320 [2316]
2321 [2321]
2322 [2322]
2323 [2323]
2324 [2323]
2325 [2323]
2326 [2323]
2327 [2327]
2328 [2328]
2329 [2327]
2330 [2327]
2331 [2327]
2332 [2327]
2333 [2327]
2334 [2334]
2335 [2335]
2336 [2336]
2337 [2337]
2338 [2337]
2339 [2339]
2340 [2340]
2341 [2341]
2342 [2342]
2343 [2342]
2344 [2344]
2345 [2345]
2346 [2346]
2347 [2347]
2348 [2348]
2349 [2349]
2350 [2350]
2351 [2351]
2352 [2352]
2353 [2348]
2354 [2354]
2355 [2355]
2356 [2356]
2357 [2355]
2358 [2358]
2359 [2359]
2360 [2359]
2361 [2361]
2362 [2362]
2363 [2363]
2364 [2364]
2365 [2365]
2366 [2366]
2367 [2367]
2368 [2368]
2369 [2369]
2370 [2369]
