1 [1]
2 [1]
3 [3]
4 [4]
5 [5]
6 [6]
7 [7]
8 [7]
9 [7]
10 [7]
11 [7]
12 [7]
13 [7]
14 [7]
15 [7]
16 [7]
17 [7]
18 [7]
19 [7]
20 [7]
21 [7]
22 [7]
23 [7]
24 [7]
25 [7]
26 [7]
27 [7]
28 [7]
29 [7]
30 [7]
31 [7]
32 [7]
33 [7]
34 [7]
35 [7]
36 [7]
37 [37]
38 [38]
39 [37]
40 [38]
41 [37]
42 [37]
43 [7]
44 [44]
45 [7]
46 [46]
47 [7]
48 [7]
49 [49]
50 [50]
51 [51]
52 [52]
53 [7]
54 [46]
55 [55]
56 [56]
57 [57]
58 [7]
59 [7]
60 [60]
61 [7]
62 [60]
63 [60]
64 [7]
65 [7]
66 [7]
67 [7]
68 [7]
69 [7]
70 [70]
71 [71]
72 [72]
73 [73]
74 [74]
75 [74]
76 [74]
77 [74]
78 [78]
79 [78]
80 [80]
81 [81]
82 [81]
83 [81]
84 [81]
85 [85]
86 [85]
87 [85]
88 [88]
89 [85]
90 [88]
91 [91]
92 [92]
93 [93]
94 [94]
95 [95]
96 [92]
97 [93]
98 [94]
99 [94]
100 [93]
101 [94]
102 [92]
103 [94]
104 [94]
105 [105]
106 [106]
107 [107]
108 [95]
109 [109]
110 [110]
111 [107]
112 [112]
113 [113]
114 [94]
115 [115]
116 [110]
117 [107]
118 [112]
119 [113]
120 [110]
121 [112]
122 [113]
123 [110]
124 [112]
125 [94]
126 [110]
127 [110]
128 [128]
129 [94]
130 [110]
131 [128]
132 [94]
133 [133]
134 [133]
135 [110]
136 [128]
137 [133]
138 [133]
139 [133]
140 [140]
141 [141]
142 [140]
143 [143]
144 [144]
145 [144]
146 [146]
147 [147]
148 [140]
149 [144]
150 [141]
151 [151]
152 [152]
153 [147]
154 [152]
155 [147]
156 [156]
157 [157]
158 [158]
159 [159]
160 [160]
161 [160]
162 [160]
163 [163]
164 [160]
165 [160]
166 [166]
167 [166]
168 [168]
169 [169]
170 [170]
171 [171]
172 [171]
173 [173]
174 [174]
175 [175]
176 [174]
177 [157]
178 [178]
179 [157]
180 [180]
181 [180]
182 [180]
183 [183]
184 [184]
185 [184]
186 [184]
187 [187]
188 [187]
189 [187]
190 [187]
191 [187]
192 [187]
193 [187]
194 [187]
195 [195]
196 [187]
197 [184]
198 [187]
199 [184]
200 [187]
201 [184]
202 [195]
203 [187]
204 [204]
205 [195]
206 [184]
207 [204]
208 [195]
209 [204]
210 [195]
211 [204]
212 [212]
213 [213]
214 [187]
215 [187]
216 [204]
217 [204]
218 [218]
219 [219]
220 [218]
221 [221]
222 [222]
223 [223]
224 [221]
225 [219]
226 [223]
227 [221]
228 [228]
229 [229]
230 [230]
231 [229]
232 [232]
233 [230]
234 [232]
235 [235]
236 [230]
237 [232]
238 [235]
239 [230]
240 [187]
241 [232]
242 [235]
243 [243]
244 [232]
245 [245]
246 [246]
247 [187]
248 [187]
249 [187]
250 [250]
251 [187]
252 [187]
253 [187]
254 [254]
255 [255]
256 [256]
257 [257]
258 [258]
259 [258]
260 [258]
261 [261]
262 [262]
263 [263]
264 [187]
265 [265]
266 [266]
267 [267]
268 [266]
269 [269]
270 [270]
271 [266]
272 [269]
273 [266]
274 [269]
275 [275]
276 [266]
277 [277]
278 [266]
279 [277]
280 [266]
281 [277]
282 [266]
283 [266]
284 [277]
285 [285]
286 [266]
287 [287]
288 [266]
289 [277]
290 [266]
291 [291]
292 [292]
293 [266]
294 [291]
295 [266]
296 [277]
297 [277]
298 [298]
299 [277]
300 [300]
301 [277]
302 [302]
303 [302]
304 [302]
305 [302]
306 [277]
307 [277]
308 [302]
309 [277]
310 [310]
311 [277]
312 [277]
313 [277]
314 [314]
315 [315]
316 [277]
317 [317]
318 [277]
319 [277]
320 [277]
321 [277]
322 [322]
323 [277]
324 [277]
325 [277]
326 [277]
327 [277]
328 [277]
329 [277]
330 [277]
331 [277]
332 [277]
333 [277]
334 [277]
335 [277]
336 [277]
337 [277]
338 [277]
339 [277]
340 [340]
341 [340]
342 [277]
343 [343]
344 [344]
345 [345]
346 [346]
347 [347]
348 [348]
349 [349]
350 [277]
351 [344]
