# label area perimeter xmin xmax ymin ymax
1 9756 2018 1717 1916 2 526
4 694 198 1674 1739 33 62
21 1 1 1891 1891 46 46
42 191 47 1584 1598 64 81
54 7 7 1678 1681 68 69
60 5811 803 1620 1782 71 211
76 2 2 482 483 82 82
81 7 7 1709 1711 84 86
83 10 8 479 481 85 88
122 42 23 1782 1792 146 151
127 27 16 1772 1776 154 159
135 82 32 1583 1595 164 175
141 1024 370 377 398 166 350
146 15 14 1692 1696 169 173
147 2 2 1788 1789 169 169
149 1 1 1787 1787 170 170
164 50 23 1805 1816 183 188
187 50 35 1817 1834 200 206
196 145 39 1692 1705 232 245
211 4 4 1004 1006 317 318
214 683 162 958 1034 328 340
224 29 29 380 381 351 368
226 1 1 375 375 359 359
227 127 100 371 380 362 398
232 516 284 1807 1843 380 460
236 19 17 1889 1896 386 390
237 16 12 1873 1876 389 393
238 2 2 1909 1910 389 389
242 5 5 370 370 394 398
245 11 10 367 369 399 404
250 1 1 379 379 401 401
251 9 8 380 382 402 406
254 1 1 369 369 407 407
255 67 58 377 380 407 449
256 1 1 368 368 409 409
257 14 13 365 367 411 418
262 1 1 365 365 426 426
264 22 14 1532 1537 432 435
265 21 17 1547 1549 432 440
270 3 3 1573 1574 435 436
276 1 1 1578 1578 439 439
277 1 1 1590 1590 439 439
280 8 8 1769 1771 441 445
284 3 3 363 363 444 446
287 6 6 362 363 452 454
289 3 3 1548 1548 460 462
290 260 124 1817 1840 461 504
291 104 58 357 361 463 490
292 46 36 373 376 463 482
293 67 51 1812 1816 463 485
301 1 1 1522 1522 470 470
306 1 1 1527 1527 472 472
307 1 1 1532 1532 472 472
308 1 1 1547 1547 473 473
309 18 13 1500 1505 477 480
312 17 13 1522 1527 479 482
317 3 3 1895 1896 480 481
322 2 2 1201 1201 484 485
323 1 1 1768 1768 484 484
324 18 16 1514 1516 485 492
325 19634 2527 359 736 486 667
326 4 4 1187 1188 486 488
327 4 4 1202 1205 486 486
328 3 3 1559 1561 486 486
329 1 1 1765 1765 486 486
331 1 1 1502 1502 487 487
332 4 4 1503 1505 488 489
334 3 3 775 775 489 491
337 147 80 1213 1237 491 518
338 9 9 1551 1557 491 493
340 1 1 1550 1550 493 493
342 1 1 1549 1549 494 494
343 1 1 1660 1660 494 494
344 9 8 1764 1766 494 496
345 1 1 354 354 495 495
346 135 93 348 357 496 539
347 31 27 1547 1558 496 502
351 83 55 1768 1776 497 515
352 129 50 1781 1786 497 518
353 2 2 1559 1559 498 499
356 2 2 224 224 500 501
359 144 50 311 331 501 510
360 17 14 1181 1184 501 507
361 1 1 1661 1661 501 501
363 1 1 1815 1815 502 502
366 5 5 1699 1703 503 503
369 2 2 1711 1711 506 507
370 7 7 1833 1836 506 507
373 1 1 1682 1682 507 507
375 17878 2090 81 348 508 642
376 3 3 108 109 508 509
377 175 96 1824 1840 508 548
379 1 1 271 271 509 509
381 32 17 1181 1187 510 516
382 29 27 1721 1736 510 513
392 34 22 2 11 513 518
393 13 12 107 109 513 519
396 10 9 268 271 513 516
398 31 20 1712 1720 514 519
405 1 1 1238 1238 516 516
407 10 10 1188 1195 517 518
408 1 1 1239 1239 517 517
409 94 40 61 76 518 526
411 1 1 219 219 518 518
412 11 11 1240 1241 518 527
413 1 1 1765 1765 518 518
414 3 3 1774 1776 518 518
416 1 1 55 55 519 519
420 333 122 1682 1704 519 553
421 4 4 15 15 520 523
426 6 6 1214 1216 520 521
427 102 53 1220 1234 520 533
428 8 8 1832 1833 520 523
431 2 2 1218 1219 522 522
435 11 9 1890 1893 523 526
436 1 1 57 57 524 524
440 4 4 46 47 525 527
443 1 1 239 239 525 525
448 4 4 1185 1188 525 525
449 2 2 1197 1198 525 525
450 1 1 107 107 526 526
453 1 1 1206 1206 526 526
455 6 6 1768 1770 526 529
457 1 1 218 218 527 527
463 3 3 1207 1209 527 527
467 1 1 81 81 528 528
469 8 7 212 214 528 530
473 14 14 1210 1219 528 530
474 1 1 57 57 529 529
477 1 1 274 274 529 529
480 4 4 1171 1172 529 530
485 20 20 1862 1865 530 541
486 1 1 62 62 531 531
487 1 1 74 74 531 531
489 13 10 1163 1166 531 534
490 1510 382 1493 1584 531 576
494 20 14 69 73 532 535
501 44 33 1241 1243 534 551
502 15 15 63 68 535 540
508 1172 288 1195 1234 535 594
512 1 1 1762 1762 536 536
513 5 5 1893 1896 536 537
515 2 2 610 611 537 537
517 16 13 1661 1666 537 541
522 6 6 1562 1563 538 541
524 2 2 1758 1758 538 539
525 2 2 1763 1763 538 539
529 5 5 1892 1895 540 541
530 1 1 65 65 541 541
531 109 43 77 91 541 552
533 3 3 407 408 541 542
534 6 6 447 451 541 542
535 2 2 468 469 541 541
536 2 2 587 588 541 541
540 42 34 1892 1906 541 551
543 4 4 555 556 542 544
544 5 5 743 744 542 545
551 155 92 1742 1769 543 564
552 111 46 1769 1785 543 552
555 7 6 457 459 544 546
557 34 25 1709 1720 544 552
562 8 8 1812 1816 545 546
571 12 12 536 541 547 548
575 22 22 1907 4095 547 549
576 4 4 0 1 548 549
577 3 3 347 348 548 549
578 15 13 742 744 548 554
580 11 10 1762 1767 548 550
592 12 10 523 526 550 552
593 1 1 551 551 550 550
594 15 15 557 564 550 552
598 6 5 1869 1871 550 552
601 2 2 737 737 551 552
605 27 24 344 346 552 563
608 1 1 1172 1172 552 552
613 1 1 565 565 553 553
615 30 17 1502 1506 553 560
616 6 6 1721 1724 553 555
618 1 1 511 511 554 554
619 1 1 568 568 554 554
621 1 1 1708 1708 554 554
626 5 5 1200 1201 556 558
627 12 12 1709 1711 556 561
632 8 7 1169 1171 557 559
634 86 47 1722 1741 557 564
636 31 29 1877 1891 557 559
642 24 17 730 736 558 561
643 1 1 963 963 558 558
645 759 204 1625 1705 558 579
653 2 2 1119 1120 559 559
655 17 17 1241 1241 559 575
658 89 41 1742 1755 559 571
659 6 6 707 709 560 561
670 15 14 738 744 561 564
676 28 28 677 696 562 563
681 4 4 1682 1683 562 564
688 5 5 857 859 563 564
689 8 8 865 868 563 564
690 5 5 1199 1201 563 564
697 1 1 1577 1577 564 564
701 190 85 746 779 565 578
702 5 5 1202 1203 565 568
703 8 8 1474 1478 565 566
710 19 18 1102 1107 566 574
713 5 5 1334 1336 567 569
715 1 1 139 139 568 568
721 32 20 1712 1716 568 575
722 7 6 1728 1731 568 570
723 2 2 140 141 569 569
725 5 5 1585 1589 569 569
726 2 2 1601 1602 569 569
727 1 1 1606 1606 569 569
740 7 7 787 790 573 574
741 2 2 887 887 573 574
742 2 2 1116 1117 573 573
743 20 15 1478 1485 573 575
745 53 47 797 811 574 582
746 1 1 812 812 574 574
751 1 1 1756 1756 574 574
753 1 1 816 816 575 575
756 7 7 44 46 576 578
757 4 4 116 119 576 576
760 1 1 696 696 576 576
761 6 6 822 826 576 577
762 71 50 845 862 576 586
763 13 13 1158 1166 576 578
764 63 41 1461 1478 576 584
765 5 5 819 821 577 578
769 1 1 780 780 578 578
770 355 130 95 121 579 607
773 6 6 869 871 579 580
775 1 1 41 41 580 580
777 4 4 788 791 580 580
781 3 3 812 814 581 581
782 7 7 862 866 581 582
783 9 9 1170 1171 581 586
785 2 2 735 736 582 582
786 2 2 817 818 582 582
788 5 5 872 876 582 582
789 77 62 864 886 582 591
791 70 49 1238 1242 582 608
792 138 73 1397 1432 582 593
793 2024 372 1386 1463 582 654
797 19 19 819 832 583 587
800 30 26 1097 1111 583 586
802 13 12 1116 1121 583 586
805 15 15 1583 1591 583 584
806 2 2 844 845 584 584
807 16 14 891 899 584 586
811 5 5 779 781 585 586
815 4 4 1528 1531 585 585
816 35 35 1622 1646 585 586
818 1 1 842 842 586 586
819 1 1 1081 1081 586 586
820 4 4 1123 1126 586 586
824 3642 459 1462 1569 586 638
825 3 3 1515 1516 586 587
830 1 1 696 696 587 587
831 1 1 734 734 587 587
833 1 1 900 900 587 587
834 33 21 924 931 587 593
835 14 12 1094 1096 587 592
836 9 8 1184 1186 587 590
837 34 29 1226 1233 587 601
841 9 9 1457 1458 587 591
842 1 1 1478 1478 587 587
844 1 1 1666 1666 587 587
845 2 2 1681 1681 587 588
846 8 8 1768 1771 587 589
850 1 1 1162 1162 588 588
854 3 3 1787 1788 588 589
860 3806 447 1581 1692 589 647
863 10 10 902 906 590 592
864 146 60 934 959 590 599
866 3 3 974 976 590 590
867 39 22 1162 1171 590 597
874 85 44 1372 1391 591 598
876 3 3 1757 1758 591 592
878 1 1 736 736 592 592
881 2 2 1395 1396 592 592
882 2 2 1479 1480 592 592
883 1 1 1489 1489 592 592
886 42 25 1652 1661 592 597
887 2 2 709 710 593 593
889 97 58 983 1006 593 601
890 1 1 1037 1037 593 593
893 1 1 116 116 594 594
895 3 3 921 923 594 594
896 3 3 977 979 594 594
899 593 154 1009 1067 594 612
905 2 2 1487 1488 594 594
909 47 33 62 76 595 598
910 5 5 914 916 595 597
911 32 22 962 971 595 598
912 19 19 1081 1089 595 597
917 5 5 1682 1683 595 597
922 9 9 1217 1218 596 600
927 4 4 1667 1668 596 597
928 42 35 1356 1371 597 601
931 19 13 54 59 598 602
932 64 28 81 91 598 605
938 9 9 1352 1355 598 602
942 32 22 25 28 599 608
946 1 1 1191 1191 599 599
951 2 2 1198 1199 600 600
956 7 7 988 991 601 603
959 3 3 263 264 602 603
961 102 40 1068 1081 602 613
962 20 15 1220 1223 602 609
963 13 13 1230 1231 602 608
964 3 3 1235 1236 602 603
965 26 18 1297 1302 602 609
979 1 1 1187 1187 603 603
981 53 47 1327 1351 603 609
982 438 146 28 62 604 631
984 1 1 265 265 604 604
988 1 1 994 994 604 604
1013 67 30 1114 1126 607 614
1014 4 4 1133 1136 607 607
1015 324 140 1243 1296 607 621
1021 1 1 256 256 608 608
1025 4 4 750 751 608 609
1035 26 17 1171 1176 609 616
1036 17 12 1182 1186 609 613
1037 11 11 1190 1198 609 610
1038 17 17 1202 1216 609 610
1046 7 7 1009 1013 610 611
1048 2 2 1097 1098 610 610
1056 6 6 270 271 611 613
1059 1 1 1322 1322 611 611
1069 1 1 1328 1328 613 613
1075 1 1 1093 1093 614 614
1076 21 15 1147 1154 614 618
1077 1 1 1325 1325 614 614
1079 6 6 242 243 615 618
1080 8 8 1091 1094 615 619
1082 21 21 1347 1360 615 616
1083 10 8 265 267 616 619
1091 2 2 1117 1118 617 617
1092 4 4 1343 1346 617 617
1093 1 1 1361 1361 617 617
1095 6 6 1571 1574 617 619
1100 1 1 1328 1328 618 618
1101 2 2 1341 1342 618 618
1102 6 6 1380 1381 618 620
1105 3 3 1695 1696 618 619
1107 4 4 259 260 619 620
1108 2 2 271 271 619 620
1111 20 14 857 862 619 624
1113 54 44 1122 1129 619 639
1114 30 21 1162 1170 619 624
1117 1 1 1363 1363 619 619
1119 2 2 1682 1682 619 620
1122 24 18 760 768 620 625
1123 23 16 792 796 620 625
1125 49 33 1316 1323 620 632
1126 42 28 1333 1342 620 629
1127 1 1 1364 1364 620 620
1134 5 5 785 788 621 622
1136 7 7 958 961 621 622
1138 1 1 1196 1196 621 621
1142 2 2 1373 1373 621 622
1144 1 1 447 447 622 622
1151 1 1 752 752 623 623
1152 1 1 1197 1197 623 623
1158 10 9 458 460 624 629
1159 117 85 1131 1171 624 637
1162 1 1 1703 1703 624 624
1164 14 11 77 81 625 627
1167 95 40 1097 1111 625 635
1168 29 20 1247 1254 625 631
1169 1 1 1359 1359 625 625
1171 1 1 1704 1704 625 625
1173 12 12 404 408 626 629
1175 1 1 1357 1357 626 626
1177 1 1 226 226 627 627
1179 12 12 1347 1354 627 629
1184 10 10 752 756 628 631
1185 9 9 962 965 628 630
1187 9 8 1310 1312 628 631
1188 1 1 1323 1323 628 628
1190 3 3 1584 1584 628 630
1191 21 20 257 268 629 634
1192 5 5 270 272 629 630
1193 13 11 442 445 629 634
1194 7 7 791 794 629 630
1197 7 6 1194 1197 629 631
1198 3 3 1292 1292 629 631
1204 2 2 422 422 630 631
1206 1 1 1145 1145 630 630
1208 1 1 1261 1261 630 630
1211 3 3 1455 1456 630 631
1217 1 1 775 775 631 631
1218 1 1 1255 1255 631 631
1220 8 8 1461 1466 631 633
1222 14 12 167 170 632 636
1223 1 1 175 175 632 632
1226 12 12 462 466 632 636
1227 21 18 744 751 632 635
1228 49 37 756 760 632 649
1229 3 3 773 774 632 633
1230 1 1 784 784 632 632
1231 5 5 822 826 632 632
1232 11 11 1172 1177 632 633
1233 20 14 1262 1266 632 635
1235 7 7 1517 1519 632 634
1238 1 1 555 555 633 633
1241 1 1 1467 1467 633 633
1242 1 1 782 782 634 634
1243 7 7 1183 1186 634 635
1245 12 12 740 743 635 642
1247 26 21 414 425 636 639
1248 17 14 449 454 636 640
1251 1 1 1093 1093 636 636
1252 2 2 1116 1117 636 636
1253 19 12 1302 1306 636 640
1254 1 1 1313 1313 636 636
1256 2 2 165 166 637 637
1258 1 1 544 544 637 637
1259 1 1 971 971 637 637
1262 1 1 435 435 638 638
1263 52 37 800 815 638 645
1264 15 15 821 831 638 639
1266 1 1 445 445 639 639
1267 5 5 793 794 639 641
1270 300 133 1329 1385 639 651
1273 18 15 167 174 640 642
1274 33 30 242 256 640 642
1276 13 11 437 441 640 642
1277 1 1 754 754 640 640
1279 15 15 842 856 640 640
1280 29 22 868 880 640 642
1281 1 1 970 970 640 640
1282 1 1 1091 1091 640 640
1283 11 11 1092 1096 640 642
1285 1 1 1496 1496 640 640
1286 25 17 1704 1711 640 644
1292 8 8 1472 1477 641 642
1293 2 2 195 196 642 642
1294 1 1 782 782 642 642
1295 2 2 791 791 642 643
1296 2 2 796 796 642 643
1297 71 31 1075 1087 642 648
1301 1 1 530 530 643 643
1303 10 10 977 981 643 644
1304 14 11 1014 1018 643 645
1305 11 11 1034 1039 643 644
1309 1 1 1478 1478 643 643
1310 5 5 479 481 644 645
1311 3 3 527 529 644 644
1312 2 2 540 541 644 644
1313 2 2 797 797 644 645
1314 1 1 883 883 644 644
1317 25 19 1480 1489 644 647
1318 7 7 524 526 645 648
1319 1 1 1318 1318 645 645
1321 86 66 1502 1536 645 647
1322 66 52 1541 1568 645 647
1323 15 15 1637 1651 645 645
1324 4 4 384 385 646 647
1325 7 7 452 454 646 648
1326 3 3 464 466 646 646
1327 20 15 482 487 646 650
1328 3 3 542 543 646 647
1330 1 1 801 801 646 646
1331 11 11 1007 1012 646 647
1332 22 13 1026 1030 646 650
1334 1 1 568 568 647 647
1336 3 3 916 916 647 649
1338 4 4 1320 1321 647 648
1339 1 1 1477 1477 647 647
1340 8 8 927 928 648 651
1341 3 3 942 944 648 648
1342 8 8 995 1000 648 649
1343 1 1 1198 1198 648 648
1344 17 14 1322 1325 648 653
1345 33 21 573 582 649 654
1346 1 1 750 750 649 649
1347 25 19 807 811 649 656
1348 1 1 1112 1112 649 649
1349 18 13 1193 1197 649 653
1354 4 4 820 823 650 650
1355 2 2 827 828 650 650
1356 8 7 881 886 650 652
1357 1 1 940 940 650 650
1358 21 18 977 985 650 653
1359 12 9 1060 1064 650 652
1361 1 1 1298 1298 650 650
1362 1 1 693 693 651 651
1363 9 8 746 749 651 653
1364 1 1 856 856 651 651
1366 8 8 1019 1021 651 654
1367 1 1 1052 1052 651 651
1370 10 9 1238 1242 651 653
1371 6 6 1382 1383 651 653
1372 11385 1327 351 617 652 747
1385 2 2 835 836 653 653
1386 5 5 845 849 653 653
1387 12 12 857 864 653 655
1388 1 1 874 874 653 653
1389 35 30 907 923 653 656
1390 1 1 1011 1011 653 653
1393 1 1 1332 1332 653 653
1397 24 16 739 745 654 659
1399 11 9 830 834 654 656
1400 8 8 851 852 654 657
1403 40 25 1190 1193 654 665
1404 37 32 1194 1199 654 668
1405 7 7 1270 1273 654 655
1406 5 5 1281 1284 654 655
1407 12 10 1307 1310 654 656
1408 2 2 1361 1362 654 654
1409 3 3 1365 1366 654 655
1412 4 4 797 798 655 657
1414 1 1 881 881 655 655
1419 6 6 1427 1428 655 659
1421 32 21 563 571 656 659
1423 18 17 1314 1321 656 658
1428 3 3 750 751 657 658
1431 3 3 576 577 658 659
1434 13 10 1112 1115 658 661
1435 3 3 1290 1291 658 659
1439 11 10 698 701 659 662
1440 28 19 923 931 659 663
1443 1 1 841 841 660 660
1444 2 2 871 871 660 661
1446 18 13 1268 1274 660 664
1447 1 1 407 407 661 661
1448 16 14 1278 1284 661 663
1449 3 3 1294 1295 661 662
1450 1 1 1307 1307 661 661
1451 7 7 1362 1366 661 662
1454 25 17 801 806 662 667
1455 776 303 1089 1156 662 701
1456 2 2 707 708 663 663
1457 12 11 833 837 663 665
1459 4 4 737 738 664 665
1461 1 1 845 845 664 664
1462 3 3 856 857 664 665
1464 4 4 1262 1263 664 665
1465 6 6 1290 1291 664 667
1467 1 1 600 600 665 665
1468 2 2 632 633 665 665
1469 1 1 661 661 665 665
1471 1 1 725 725 665 665
1473 59 42 1201 1219 665 673
1474 1 1 1233 1233 665 665
1477 6 6 602 604 666 667
1478 76 34 819 833 666 672
1479 91 53 837 849 666 680
1480 2 2 851 852 666 666
1481 1 1 925 925 666 666
1484 7 7 1127 1133 666 666
1496 4 4 677 678 669 670
1497 1 1 737 737 669 669
1500 1 1 853 853 670 670
1504 5 5 855 858 671 672
1505 799 237 902 989 671 688
1510 5 5 1157 1159 671 672
1511 3 3 706 708 672 672
1513 73 44 1184 1201 672 684
1515 1 1 1396 1396 672 672
1521 9 9 767 768 674 680
1522 5 5 782 784 674 675
1526 1 1 614 614 675 675
1527 7 7 752 758 675 675
1531 844 230 728 787 676 702
1532 1 1 1046 1046 676 676
1533 1 1 1057 1057 676 676
1536 23 23 1217 1231 676 677
1541 51 40 787 796 677 689
1542 3 3 894 896 677 677
1543 8 8 900 901 677 681
1547 1 1 1178 1178 677 677
1550 6 6 1379 1381 677 679
1551 89 60 586 608 678 690
1558 1 1 1282 1282 678 678
1561 156 77 804 836 679 687
1563 1 1 1281 1281 679 679
1570 1 1 1000 1000 680 680
1572 149 70 617 646 681 698
1575 57 40 1194 1213 681 688
1576 51 34 1224 1239 681 687
1580 37 32 838 850 682 692
1581 2 2 887 887 682 683
1585 5 5 1147 1150 682 683
1586 1 1 1171 1171 682 682
1587 9 8 1174 1178 682 684
1592 5 5 797 798 683 686
1593 1 1 838 838 683 683
1595 3 3 1143 1145 683 683
1596 1 1 1170 1170 683 683
1605 1 1 612 612 685 685
1609 1 1 1067 1067 685 685
1611 6 6 827 830 686 687
1612 7 7 947 951 686 687
1613 5 5 958 961 686 687
1614 3 3 1380 1381 686 687
1621 1 1 1081 1081 687 687
1624 8 8 1387 1394 687 687
1626 4 4 722 723 688 689
1627 2 2 992 992 688 689
1630 4 4 1235 1236 688 689
1631 7 7 1257 1258 688 691
1632 25 20 802 811 689 694
1634 4 4 1251 1251 689 692
1635 1 1 1282 1282 689 689
1636 6 6 797 798 690 693
1638 1 1 904 904 690 690
1639 1 1 1082 1082 690 690
1641 2 2 619 620 691 691
1643 3 3 897 899 691 691
1644 18 13 906 912 691 693
1645 2 2 617 618 692 692
1648 2 2 1200 1201 692 692
1650 4 4 847 850 694 694
1653 1 1 902 902 696 696
1657 1 1 1069 1069 697 697
1658 2 2 1396 1396 697 698
1660 37 26 792 800 698 705
1661 1 1 807 807 698 698
1662 12 10 422 426 699 701
1663 1 1 480 480 699 699
1665 129 63 719 737 699 714
1667 11 9 1286 1288 700 703
1670 5 5 628 630 701 702
1671 109 79 610 646 701 716
1672 1 1 355 355 702 702
1677 1 1 354 354 703 703
1684 4 4 786 788 704 705
1685 10 9 1277 1279 704 707
1686 9 9 362 364 705 710
1689 1 1 1381 1381 705 705
1692 1 1 1393 1393 707 707
1697 5 5 1004 1006 709 710
1702 4 4 1395 1396 710 712
1709 1 1 811 811 712 712
1712 2 2 1277 1278 713 713
1722 2 2 401 401 721 722
1723 4 4 731 734 721 721
1724 2 2 1110 1111 721 721
1726 31 22 489 499 722 727
1727 2 2 1091 1092 722 722
1730 45 31 407 421 724 728
1734 3 3 551 552 729 730
1735 1 1 1119 1119 729 729
1736 1 1 483 483 730 730
1737 1 1 487 487 730 730
1738 6 6 516 519 730 731
1739 5 5 539 541 731 732
1742 12 10 1387 1391 731 734
1743 3 3 1397 1398 731 732
1744 1 1 392 392 732 732
1746 1 1 601 601 732 732
1747 4 4 621 624 732 732
1750 4 4 1394 1395 734 735
1751 59 39 350 355 736 755
1752 13 11 527 530 737 740
1753 1 1 1442 1442 737 737
1754 26 19 428 436 738 743
1757 7 7 538 541 739 740
1758 7 7 545 551 739 739
1761 187 63 401 422 741 755
1765 3 3 425 426 742 743
1768 1 1 541 541 743 743
1769 1 1 562 562 743 743
1770 6 6 576 581 743 743
1772 7 7 584 588 744 745
1773 5 5 629 631 744 745
1776 13 11 1391 1395 745 748
1777 1 1 524 524 746 746
1778 7 7 514 516 747 749
1779 12 10 572 575 747 751
1781 5 5 360 361 748 751
1782 5 5 482 483 749 751
1783 2 2 520 520 749 750
1785 1 1 490 490 750 750
1787 1 1 497 497 751 751
1788 1 1 558 558 751 751
1789 1 1 481 481 752 752
1790 2 2 505 506 752 752
1791 2 2 622 622 753 754
1792 40 19 1472 1479 753 759
1794 2 2 361 361 754 755
1795 7 7 606 609 754 755
1797 15 12 557 561 755 758
1798 47 26 387 391 756 766
1799 15 12 462 466 756 758
1801 2 2 457 457 757 758
1802 2 2 646 646 758 759
1803 4 4 514 517 759 759
1804 1 1 632 632 761 761
1805 3 3 542 544 762 762
1806 9 8 369 371 764 766
1808 48 39 521 539 764 769
1811 1 1 361 361 767 767
1812 16 14 377 383 767 769
1813 46 32 407 421 767 770
1814 2 2 452 453 767 767
1815 3 3 497 499 767 767
1817 5 5 1697 1701 767 767
1818 2 2 481 482 768 768
1819 3 3 1229 1231 768 768
1820 1 1 1321 1321 768 768
1821 9 9 430 436 770 772
1823 1 1 512 512 773 773
1824 1 1 621 621 774 774
1825 9 9 388 391 775 777
1826 8 8 1502 1504 775 778
1828 4 4 618 619 776 777
1829 16 16 1337 1350 776 777
1832 2 2 377 378 777 777
1834 17 15 1247 1253 778 781
1835 1 1 1277 1277 780 780
1836 25 17 1277 1281 782 788
1837 143 71 1307 1330 783 798
1839 1 1 352 352 784 784
1841 1 1 351 351 785 785
1843 17 12 446 451 786 789
1844 1 1 1326 1326 786 786
1846 2 2 1303 1303 787 788
1847 1 1 1516 1516 787 787
1848 2 2 354 354 788 789
1849 2 2 385 386 788 788
1850 3 3 588 590 788 788
1851 2 2 1514 1515 788 788
1852 1 1 1546 1546 788 788
1853 1 1 1443 1443 793 793
1854 7 7 1577 1580 794 795
1855 1 1 360 360 798 798
1856 28 17 1376 1383 808 811
1857 1 1 1387 1387 809 809
1858 8 7 1392 1395 809 811
1859 35 30 1427 1441 809 811
1860 4 4 1682 1684 809 810
1862 1 1 1685 1685 811 811
1863 16 13 1299 1306 815 817
1865 1 1 1517 1517 821 821
1866 4 4 1532 1534 821 822
1867 2 2 1543 1544 822 822
1868 2 2 1593 1594 825 825
1869 1 1 1524 1524 827 827
1870 1 1 1588 1588 827 827
1871 1 1 1656 1656 828 828
1872 1 1 1582 1582 829 829
1873 3 3 1659 1660 831 832
1874 1 1 1666 1666 831 831
1875 1 1 1608 1608 833 833
1876 2 2 1613 1614 833 833
1877 1 1 1629 1629 833 833
1878 1 1 1709 1709 833 833
1879 33 30 257 271 834 836
1880 7 7 302 306 834 835
1882 1354 439 182 271 835 890
1884 2 2 310 311 835 835
1885 1 1 315 315 835 835
1886 2845 802 332 462 835 897
1888 1 1 1500 1500 835 835
1893 7603 1419 2 232 839 916
1896 794 193 251 323 839 859
1897 1 1 318 318 839 839
1898 1 1 1494 1494 839 839
1901 24 18 249 256 840 842
1905 7 6 407 409 840 842
1906 11 9 662 665 840 843
1907 1 1 1487 1487 840 840
1908 1 1 1501 1501 840 840
1913 2 2 1488 1489 841 841
1914 1 1 1498 1498 841 841
1917 4 4 146 147 842 843
1927 2 2 676 676 844 845
1928 2 2 1682 1683 844 844
1930 5 5 412 415 845 846
1931 27 20 419 429 845 848
1932 43 32 1427 1441 845 848
1938 1 1 408 408 846 846
1941 2 2 1445 1446 846 846
1942 46 30 1457 1464 846 856
1946 1 1 324 324 848 848
1947 4 4 1499 1501 848 849
1954 38 30 1397 1411 849 852
1955 51 34 2 16 850 856
1959 2 2 1365 1366 850 850
1960 27 27 1367 1385 850 852
1963 7 7 197 199 851 855
1964 1 1 341 341 851 851
1970 27 20 426 435 854 858
1977 5 5 629 631 855 856
1981 169 49 302 317 856 867
1988 1 1 1322 1322 856 856
1989 1 1 1472 1472 856 856
1995 5695 949 683 883 857 924
1996 30 17 1387 1392 857 862
1997 650 163 1427 1471 857 887
1998 7 7 1450 1454 857 858
1999 4 4 1501 1501 857 860
2000 1 1 436 436 858 858
2002 1 1 91 91 860 860
2009 1 1 241 241 862 862
2010 3 3 400 401 862 863
2013 1 1 1431 1431 862 862
2016 204 55 2 16 864 879
2024 10 9 1227 1231 865 867
2027 2 2 396 396 866 867
2028 1 1 1186 1186 866 866
2030 11 11 1378 1385 866 867
2033 4 4 1198 1201 867 867
2038 4 4 644 645 868 869
2042 11 11 1174 1183 868 869
2043 37 29 1406 1415 868 877
2046 289 94 1487 1516 868 883
2049 1 1 451 451 869 869
2050 30 21 662 668 869 875
2055 1 1 1245 1245 870 870
2059 1 1 749 749 871 871
2063 997 286 266 338 872 899
2070 2 2 406 407 873 873
2074 1 1 285 285 874 874
2078 1 1 709 709 874 874
2080 1 1 740 740 874 874
2083 5 5 1109 1110 874 877
2084 31 19 1119 1126 874 878
2092 17 12 1377 1381 875 878
2103 2 2 1366 1366 876 877
2105 9 7 1531 1534 876 879
2108 268 96 473 513 877 889
2111 10 10 534 539 877 879
2112 7 7 557 560 877 879
2113 33 32 569 586 877 879
2116 1 1 621 621 877 877
2117 21 16 632 639 877 879
2124 4 4 562 565 878 878
2126 13 13 652 660 878 880
2129 1 1 1091 1091 878 878
2130 1 1 1114 1114 878 878
2131 1 1 1365 1365 878 878
2134 1 1 263 263 879 879
2137 19 15 466 471 879 884
2139 1 1 523 523 879 879
2141 1 1 541 541 879 879
2142 2 2 567 568 879 879
2147 1 1 1516 1516 879 879
2152 12 12 602 610 880 881
2153 2216 534 632 751 880 932
2154 4 4 897 900 880 880
2155 1 1 1043 1043 880 880
2156 3 3 1082 1084 880 880
2157 2 2 1184 1185 880 880
2158 1 1 1214 1214 880 880
2160 1 1 346 346 881 881
2162 2 2 1153 1153 881 882
2163 1 1 339 339 882 882
2167 1 1 871 871 882 882
2173 36 28 902 916 883 885
2175 994 339 887 991 883 909
2176 57 40 1103 1126 883 886
2183 11 10 342 346 885 888
2184 1 1 473 473 885 885
2187 2 2 1255 1255 885 886
2188 899 298 1368 1443 885 924
2189 294 124 1487 1524 885 904
2191 8 8 52 59 886 886
2194 1 1 994 994 886 886
2195 36 24 1005 1013 886 895
2196 259 144 1052 1096 886 906
2203 1 1 690 690 887 887
2204 42 30 887 901 887 890
2206 1 1 995 995 887 887
2207 128 66 1182 1207 887 901
2208 10 9 1273 1276 887 890
2215 5 5 479 481 888 889
2216 18 16 686 691 888 894
2218 4 4 870 871 888 889
2220 80 49 976 994 888 896
2221 11 11 1172 1177 888 889
2224 8 7 1592 1596 888 890
2225 1 1 865 865 889 889
2227 44 33 1033 1051 889 892
2229 1 1 1234 1234 889 889
2235 1 1 869 869 890 890
2242 2 2 1320 1321 890 890
2243 1 1 20 20 891 891
2244 16 15 47 53 891 896
2245 3 3 66 67 891 892
2247 1 1 269 269 891 891
2248 1 1 335 335 891 891
2249 655 204 459 511 891 931
2250 3 3 494 496 891 891
2251 1 1 514 514 891 891
2254 20 14 881 886 891 894
2258 4 4 1141 1142 891 893
2259 7 7 1145 1150 891 892
2260 1 1 1156 1156 891 891
2263 63 40 1457 1471 891 898
2266 4 4 1482 1484 891 892
2267 311 123 1567 1601 891 912
2268 15 12 1601 1606 891 894
2269 4 4 21 22 892 893
2271 2 2 261 262 892 892
2273 4 4 467 467 892 895
2274 4 4 515 516 892 893
2275 2 2 683 684 892 892
2278 445 157 1232 1291 892 909
2282 2 2 61 62 893 893
2284 6 6 84 87 893 895
2285 12 12 275 284 893 895
2286 1 1 339 339 893 893
2287 2 2 345 346 893 893
2288 1 1 476 476 893 893
2293 384 197 1313 1366 893 918
2297 1 1 481 481 894 894
2298 6 6 519 521 894 895
2300 1 1 1001 1001 894 894
2304 1 1 474 474 895 895
2308 69 42 56 66 896 910
2310 9 9 523 526 896 898
2316 326 105 1127 1171 896 909
2319 1 1 1445 1445 896 896
2323 11 11 20 24 897 901
2324 12 11 28 32 897 901
2325 4 4 43 46 897 897
2328 21 16 481 486 897 901
2329 2 2 496 496 897 898
2334 2 2 1448 1449 897 897
2335 12 9 1697 1701 897 900
2338 1 1 432 432 898 898
2341 1 1 648 648 898 898
2343 2 2 702 703 898 898
2349 1 1 1460 1460 898 898
2352 1 1 1734 1734 898 898
2354 1 1 328 328 899 899
2355 3 3 455 456 899 900
2359 21 20 1008 1021 899 901
2366 113 51 1532 1546 899 912
2368 1 1 1735 1735 899 899
2369 2 2 493 494 900 900
2370 6 6 512 516 900 901
2377 4 4 1802 1804 900 901
2378 1 1 73 73 901 901
2379 115 50 67 87 901 912
2385 1 1 1034 1034 901 901
2386 5 5 1193 1195 901 903
2387 1 1 1225 1225 901 901
2390 1 1 47 47 902 902
2392 13 12 372 376 902 906
2393 54 39 557 571 902 907
2394 140 58 593 616 902 913
2396 21 17 692 699 902 905
2397 1 1 728 728 902 902
2398 3 3 733 735 902 902
2400 1 1 1075 1075 902 902
2401 6 6 1103 1108 902 902
2403 5 5 1187 1190 902 903
2404 157 50 1201 1216 902 913
2406 1 1 1367 1367 902 902
2407 41 28 1369 1381 902 907
2408 5 5 1434 1436 902 904
2409 1 1 1473 1473 902 902
2410 14 13 1474 1483 902 904
2411 18 18 1622 1633 902 905
2412 130 66 1649 1681 902 906
2413 416 185 1682 1741 902 918
2414 6 6 1860 1861 902 904
2415 13 11 1872 1876 902 905
2416 20 15 419 421 903 909
2417 1 1 430 430 903 903
2421 1 1 1856 1856 903 903
2423 1 1 1903 1903 904 904
2426 1 1 29 29 905 905
2427 1 1 52 52 905 905
2429 20 19 131 141 905 908
2430 16 16 144 154 905 907
2432 1379 335 359 466 905 934
2434 24 15 898 901 905 911
2437 1 1 329 329 906 906
2439 1 1 515 515 906 906
2441 76 34 32 46 907 912
2444 3 3 342 343 907 908
2449 1 1 892 892 907 907
2450 2 2 909 910 907 907
2452 78 42 1004 1021 907 914
2454 6 6 182 184 908 911
2455 3 3 335 337 908 908
2457 1 1 389 389 908 908
2459 2 2 505 506 908 908
2467 1 1 504 504 909 909
2469 3 3 1382 1384 909 909
2471 10 10 518 524 910 912
2472 31 30 977 991 910 912
2474 2 2 1368 1369 910 910
2475 63 38 1835 1853 910 913
2478 18 14 160 166 911 913
2481 1 1 542 542 911 911
2483 39 34 902 916 911 915
2486 1 1 1037 1037 911 911
2489 6 6 1817 1819 911 913
2491 6 6 50 55 912 912
2493 2 2 435 436 912 912
2494 16 16 525 535 912 916
2498 12 12 1460 1471 912 912
2499 14 14 1518 1531 912 912
2502 1 1 56 56 913 913
2503 365 160 227 294 913 933
2504 2 2 392 393 913 913
2506 1 1 583 583 913 913
2515 86 40 886 901 913 921
2516 26 26 1067 1081 913 915
2519 32 29 1127 1141 913 916
2520 28 19 1472 1480 913 917
2521 11 11 1532 1539 913 915
2522 174 67 1660 1681 913 926
2524 59 31 1862 1870 913 923
2525 1 1 4095 4095 914 914
2526 3 3 60 61 914 915
2527 51 33 167 181 914 918
2529 554 189 527 601 914 934
2532 19 19 1097 1111 914 915
2535 1 1 1502 1502 914 914
2536 4 4 1637 1640 914 914
2537 1 1 1888 1888 914 914
2538 7 7 520 523 915 916
2539 1 1 1442 1442 915 915
2540 8 8 1502 1506 915 918
2541 2 2 1857 1858 915 915
2542 1 1 1 1 916 916
2544 9 9 917 923 916 917
2545 2 2 948 949 916 916
2546 9 9 954 961 916 917
2547 3 3 1443 1445 916 916
2548 41 31 1517 1531 916 919
2552 1 1 1684 1684 916 916
2553 414 186 1727 1797 916 930
2554 21 16 10 16 917 921
2555 80 47 86 106 917 921
2557 105587 9891 0 4095 917 1070
2562 34 20 761 766 917 924
2565 2 2 1400 1401 917 917
2569 4 4 209 211 918 919
2573 77 36 1082 1096 918 924
2574 120 46 1322 1338 918 928
2576 90 63 1382 1411 918 922
2579 1 1 1469 1469 918 918
2581 4 4 1510 1512 918 919
2582 2 2 1606 1606 918 919
2590 5 5 347 351 919 919
2591 2 2 356 357 919 919
2595 3 3 1568 1570 919 919
2596 1 1 1742 1742 919 919
2598 27 17 32 38 920 924
2599 402 159 137 193 920 935
2609 9 9 1578 1586 920 920
2610 1 1 1591 1591 920 920
2617 1 1 1432 1432 921 921
2618 7 7 1434 1437 921 924
2619 60 50 1447 1471 921 925
2620 1 1 1801 1801 921 921
2621 4 4 77 78 922 923
2629 2 2 2 3 923 923
2632 3 3 209 210 923 924
2636 7 7 1023 1029 923 923
2637 2 2 1035 1036 923 923
2638 2 2 1440 1440 923 924
2641 1 1 1514 1514 923 923
2642 3 3 1532 1534 923 923
2643 1 1 1656 1656 923 923
2645 29 25 1798 1808 923 930
2646 1 1 83 83 924 924
2652 2 2 878 879 924 924
2653 1 1 1255 1255 924 924
2654 61 60 1682 1711 924 926
2656 3 3 109 111 925 925
2657 20 20 116 133 925 927
2660 3 3 1080 1081 925 926
2661 14 13 1832 1837 925 929
2662 125 57 1842 1860 925 935
2663 2 2 474 475 926 926
2666 9 9 1562 1568 926 928
2669 45 32 1871 1876 926 939
2670 158 61 1880 1906 926 935
2671 4 4 188 189 927 929
2672 42 41 1342 1365 927 929
2673 51 47 1387 1411 927 932
2674 1 1 1603 1603 927 927
2675 2 2 1634 1635 927 927
2681 149 63 22 51 928 935
2682 70 36 59 76 928 934
2683 12 12 195 201 928 930
2686 10 10 1377 1381 928 931
2689 1 1 1632 1632 928 928
2690 1 1 1636 1636 928 928
2693 1 1 94 94 929 929
2694 1 1 103 103 929 929
2698 1 1 1681 1681 929 929
2710 1 1 1433 1433 930 930
2711 523 228 1565 1667 930 944
2713 2 2 12 13 931 931
2716 5 5 465 469 931 931
2719 7 7 1326 1329 931 932
2721 13 13 1480 1486 931 932
2731 105 61 1648 1674 932 942
2734 21 16 78 84 933 938
2736 4 4 660 662 933 934
2740 5 5 1458 1461 933 934
2741 23 20 1462 1471 933 936
2747 17 17 107 115 934 935
2748 14 12 119 123 934 937
2749 5 5 197 199 934 935
2750 8 8 218 223 934 935
2751 2 2 304 304 934 935
2758 1 1 1644 1644 934 934
2760 1 1 1756 1756 934 934
2762 1 1 1849 1849 934 934
2764 79 54 2 15 935 946
2767 1 1 126 126 935 935
2769 4 4 341 342 935 936
2777 1 1 1382 1382 935 935
2778 1 1 1393 1393 935 935
2779 1 1 1399 1399 935 935
2781 44 43 1500 1531 935 937
2783 76 59 47 61 936 945
2786 23 22 102 112 936 942
2787 15 15 287 297 936 938
2789 2 2 454 455 936 936
2790 4 4 698 699 936 937
2791 6 6 729 730 936 939
2792 1 1 790 790 936 936
2797 3 3 1372 1374 936 936
2798 14 14 1487 1495 936 937
2800 4 4 1681 1684 936 936
2801 1 1 1689 1689 936 936
2802 6 6 1693 1696 936 937
2803 128 83 1683 1718 936 944
2805 1 1 286 286 937 937
2810 1 1 1702 1702 937 937
2811 2 2 97 97 938 939
2812 32 25 124 133 938 943
2813 3 3 232 233 938 939
2814 2 2 282 283 938 938
2815 2 2 369 370 938 938
2816 3 3 700 701 938 939
2823 1 1 489 489 939 939
2824 2 2 509 509 939 940
2827 1 1 856 856 939 939
2829 2 2 1352 1353 939 939
2831 1 1 1590 1590 939 939
2833 2 2 85 86 940 940
2834 5 5 92 94 940 941
2836 2 2 462 463 940 940
2837 1 1 468 468 940 940
2838 1 1 490 490 940 940
2844 1 1 732 732 940 940
2876 2 2 1432 1433 942 942
2878 3 3 12 13 943 944
2879 6 6 117 120 943 945
2891 1 1 590 590 943 943
2892 1 1 601 601 943 943
2906 1 1 1428 1428 943 943
2907 1 1 1440 1440 943 943
2908 1 1 1726 1726 943 943
2909 1 1 1914 1914 943 943
2939 1 1 1727 1727 944 944
2940 174 93 1772 1796 944 957
2942 6 6 1863 1867 944 945
2943 2 2 99 100 945 945
2955 19 19 1502 1516 945 946
2956 1 1 1674 1674 945 945
2957 6 6 1858 1859 945 947
2958 1 1 1872 1872 945 945
2959 1 1 16 16 946 946
2960 2 2 79 80 946 946
2961 2 2 163 164 946 946
2962 1 1 409 409 946 946
2969 1 1 1461 1461 946 946
2972 50 35 1592 1606 946 953
2973 3 3 1799 1801 946 946
2983 10 10 1652 1657 947 948
2984 1 1 11 11 948 948
2992 1 1 1704 1704 948 948
2993 6 6 1896 1901 948 948
3006 3 3 1562 1564 949 949
3007 2 2 1619 1619 949 950
3008 1 1 1700 1700 949 949
3019 13 11 1577 1581 950 953
3021 1 1 1669 1669 950 950
3022 19 16 1692 1699 950 955
3023 66 47 1813 1832 950 959
3030 24 24 1517 1531 951 954
3031 2 2 1635 1636 951 951
3032 14 13 1757 1763 951 953
3033 6 6 1767 1771 951 952
3041 8 8 1839 1846 952 952
3042 30 21 1914 4095 952 958
3047 1 1 1671 1671 953 953
3049 1 1 1809 1809 953 953
3051 17 13 1862 1867 953 957
3054 5 5 1712 1715 954 955
3055 29 22 1892 1901 954 958
3062 12 12 1903 1906 955 960
3067 8 8 1662 1666 956 957
3071 1 1 1809 1809 957 957
3074 19 15 1802 1808 958 961
3077 3 3 1859 1861 959 959
3081 15 13 1780 1786 960 963
3085 8 8 1843 1846 961 963
3086 31 22 1911 4095 961 966
3088 1 1 1876 1876 962 962
3090 2 2 1817 1817 963 964
3091 1 1 1823 1823 964 964
3098 6 6 1839 1844 968 968
3099 8 8 1854 1861 968 968
3101 18 16 1862 1869 969 973
3102 2 2 831 832 970 970
3105 3 3 1892 1894 970 970
3109 1 1 1896 1896 972 972
3131 1 1 715 715 979 979
3135 14 14 685 691 980 985
3140 44 26 722 725 981 991
3141 1 1 804 804 981 981
3142 6 6 809 811 981 983
3143 37 26 857 869 981 984
3146 5 5 808 810 985 987
3152 1 1 752 752 986 986
3158 1 1 932 932 988 988
3164 79 36 677 691 991 997
3188 3 3 1901 1901 997 999
3198 82 59 827 856 1001 1005
3205 142 64 167 196 1003 1008
3210 2 2 787 788 1003 1003
3211 38 30 902 913 1003 1008
3213 53 30 932 944 1003 1008
3220 1 1 782 782 1004 1004
3221 1 1 790 790 1004 1004
3223 2 2 915 916 1004 1004
3227 2 2 549 550 1005 1005
3230 2 2 542 543 1006 1006
3241 86 43 89 106 1008 1014
3242 2 2 331 331 1008 1009
3243 122 65 512 541 1008 1014
3244 3 3 548 549 1008 1009
3245 1 1 916 916 1008 1008
3248 1 1 211 211 1009 1009
3249 91 38 467 482 1009 1014
3252 1 1 1097 1097 1009 1009
3255 4 4 392 393 1010 1011
3257 1 1 113 113 1012 1012
3258 2 2 162 162 1012 1013
3259 1 1 166 166 1012 1012
3260 33 30 1052 1066 1012 1014
3262 7 7 117 121 1013 1014
3263 6 6 207 211 1013 1014
3264 1 1 395 395 1013 1013
3265 1 1 445 445 1013 1013
3269 1 1 111 111 1014 1014
3270 1 1 116 116 1014 1014
3271 1 1 441 441 1014 1014
3272 3 3 1315 1316 1014 1015
3278 12 9 34 38 1015 1018
3279 3 3 47 49 1015 1015
3280 2 2 61 62 1015 1015
3281 3 3 1162 1163 1015 1016
3282 5 5 1167 1169 1015 1016
3286 1 1 76 76 1016 1016
3287 2 2 615 616 1016 1016
3290 1 1 56 56 1017 1017
3291 1 1 1277 1277 1017 1017
3293 6 6 70 71 1018 1021
3295 3 3 29 30 1019 1020
3296 6 6 137 139 1019 1022
3297 1 1 1280 1280 1019 1019
3301 1 1 59 59 1020 1020
3303 7 6 74 76 1020 1023
3304 1 1 1281 1281 1020 1020
3310 84 76 0 20 1021 1039
3311 1 1 62 62 1021 1021
3312 1 1 436 436 1021 1021
3317 1 1 407 407 1023 1023
3318 27 27 1142 1156 1024 1025
3321 2 2 61 62 1025 1025
3322 1 1 66 66 1025 1025
3323 5 5 437 437 1025 1029
3325 2 2 1176 1177 1025 1025
3326 34 32 1367 1381 1025 1030
3327 1 1 686 686 1026 1026
3328 32 23 1276 1279 1026 1036
3330 39 35 1427 1441 1026 1030
3332 2 2 23 24 1027 1027
3333 6 6 328 331 1027 1028
3335 1 1 1337 1337 1028 1028
3337 4 4 31 31 1029 1032
3338 1 1 601 601 1029 1029
3339 93 40 1472 1486 1029 1036
3343 1 1 1722 1722 1029 1029
3344 1 1 1736 1736 1029 1029
3347 1 1 25 25 1030 1030
3348 4 4 556 556 1030 1033
3350 1 1 1720 1720 1030 1030
3353 5594 778 17 204 1031 1078
3354 1 1 392 392 1031 1031
3355 2 2 444 445 1031 1031
3357 1 1 1675 1675 1031 1031
3358 12 12 23 29 1032 1037
3360 15 14 326 331 1032 1036
3361 10 10 394 399 1032 1036
3362 8 8 587 589 1032 1037
3366 35 32 452 466 1033 1036
3367 7 7 593 595 1033 1036
3369 298 139 1712 1764 1033 1052
3370 2 2 10 11 1034 1034
3371 1 1 21 21 1034 1034
3374 1 1 475 475 1034 1034
3376 5 5 677 680 1034 1035
3377 2 2 481 481 1035 1036
3379 2 2 1622 1623 1035 1035
3386 64 42 122 136 1036 1042
3387 3405 801 302 556 1036 1078
3390 39 33 407 421 1036 1041
3391 1 1 474 474 1036 1036
3392 1 1 601 601 1036 1036
3393 76 34 1292 1306 1036 1042
3395 1 1 1563 1563 1036 1036
3396 7 7 1569 1575 1036 1036
3404 2 2 65 66 1037 1037
3411 658 204 197 241 1037 1070
3416 721 217 467 556 1037 1062
3417 21 19 727 736 1037 1041
3418 43 43 827 842 1037 1044
3419 30 30 902 916 1037 1038
3425 2 2 1762 1763 1037 1037
3426 1 1 31 31 1038 1038
3432 1 1 1517 1517 1038 1038
3440 108 39 272 286 1040 1048
3447 1 1 1651 1651 1040 1040
3461 2 2 410 411 1042 1042
3466 1876 323 602 691 1042 1078
3467 69 38 692 706 1042 1048
3468 383 125 782 814 1042 1065
3470 6 6 885 886 1042 1044
3480 936 215 842 931 1043 1059
3481 1 1 1673 1673 1043 1043
3484 1 1 586 586 1044 1044
3486 10 9 936 939 1044 1046
3487 188 65 940 961 1044 1059
3488 1 1 1633 1633 1044 1044
3489 2 2 1652 1653 1044 1044
3490 12 12 1705 1711 1044 1046
3492 1 1 844 844 1045 1045
3495 6 6 881 883 1045 1047
3497 3 3 1659 1659 1045 1047
3498 2 2 1681 1681 1045 1046
3499 1 1 1700 1700 1045 1045
3505 1 1 1647 1647 1046 1046
3513 2 2 1663 1664 1047 1047
3514 2 2 1689 1690 1047 1047
3515 1 1 1702 1702 1047 1047
3516 4 4 1742 1745 1047 1047
3519 89 38 452 462 1048 1059
3520 44 31 587 601 1048 1050
3525 915 170 707 781 1048 1065
3529 2784 765 977 1202 1048 1078
3531 3 3 1065 1066 1048 1049
3534 46 36 1127 1141 1048 1053
3535 11 11 1207 1216 1048 1049
3536 30 30 1307 1321 1048 1049
3537 162 65 1712 1726 1048 1068
3539 109 52 1770 1792 1048 1059
3540 158 75 0 16 1049 1070
3544 1 1 478 478 1049 1049
3549 1 1 1203 1203 1049 1049
3557 7 7 1871 1875 1051 1053
3560 1 1 204 204 1052 1052
3561 1 1 467 467 1052 1052
3573 87 37 1006 1021 1053 1059
3574 1 1 1127 1127 1053 1053
3576 1 1 320 320 1054 1054
3582 1 1 1745 1745 1054 1054
3583 1 1 1749 1749 1054 1054
3588 63 37 555 572 1055 1059
3593 7 6 333 336 1056 1058
3596 1 1 1753 1753 1056 1056
3599 220 88 280 316 1057 1070
3601 4 4 340 342 1057 1058
3604 1 1 1876 1876 1057 1057
3607 1 1 445 445 1058 1058
3610 1 1 1270 1270 1058 1058
3611 2 2 1799 1800 1058 1058
3612 1 1 1867 1867 1058 1058
3613 4 4 1872 1875 1058 1058
3626 162 45 1217 1231 1059 1070
3627 1 1 1269 1269 1059 1059
3628 144 91 1724 1748 1059 1070
3639 1 1 1842 1842 1060 1060
3640 6 6 1847 1851 1060 1061
3641 2 2 1858 1859 1060 1060
3642 1 1 252 252 1061 1061
3645 1 1 253 253 1062 1062
3650 1 1 110 110 1063 1063
3666 83 37 1247 1261 1065 1072
3668 747 227 1292 1397 1065 1078
3670 47 34 1718 1728 1065 1078
3676 2 2 827 827 1066 1067
3684 51 32 572 586 1067 1070
3686 2 2 242 242 1068 1069
3687 7 7 247 250 1068 1070
3688 3 3 258 259 1068 1069
3691 1 1 1716 1716 1068 1068
3693 1 1 263 263 1069 1069
3695 3 3 816 818 1069 1069
3696 1 1 837 837 1069 1069
3697 190 98 857 901 1069 1076
3699 2 2 906 907 1069 1069
3700 2 2 975 976 1069 1069
3702 5 5 229 230 1070 1072
3703 1 1 264 264 1070 1070
3705 1 1 834 834 1070 1070
3709 1 1 903 903 1070 1070
3710 35 31 1277 1291 1070 1072
3714 11 10 1416 1421 1070 1072
3716 86 43 227 241 1071 1078
3717 219 69 302 331 1071 1078
3718 58 30 382 391 1071 1078
3722 155 69 662 684 1071 1078
3725 10 10 741 747 1071 1073
3727 1 1 1426 1426 1071 1071
3728 39 33 1532 1546 1071 1075
3729 58 29 1577 1588 1071 1075
3730 85 53 1682 1696 1071 1078
3732 5 5 1714 1715 1071 1074
3733 2 2 1772 1772 1071 1072
3734 33 30 1775 1786 1071 1078
3735 51 28 1792 1801 1071 1078
3736 57 41 1818 1831 1071 1078
3738 20 18 1842 1846 1071 1078
3739 40 23 1901 1909 1071 1078
3740 1 1 1912 1912 1071 1071
3745 3 3 737 738 1072 1073
3747 2 2 1424 1425 1072 1072
3749 37 23 1892 1899 1072 1078
3758 1 1 844 844 1075 1075
3759 1 1 1591 1591 1075 1075
3760 4 4 1712 1712 1075 1078
3762 1 1 364 364 1076 1076
3766 42 32 1427 1441 1076 1078
3768 1 1 1717 1717 1076 1076
3769 6 6 1772 1775 1076 1078
3770 4 4 842 843 1077 1078
3771 17 17 1202 1216 1077 1078
3775 2 2 827 828 1078 1078
3776 2 2 853 854 1078 1078
3779 1 1 1786 1786 1078 1078
3780 2 2 1899 1900 1078 1078
3781 1 1 1912 1912 1078 1078
