# label area perimeter xmin xmax ymin ymax width height spatial_area pass_area pass_dims pass_pix_area pass_aspect pass_circ pass_fill pass_fill_min
2557 105587 9869 0 1919 917 1069 1920 153 293760 0 1 1 0 0 1 1
325 19636 2529 359 736 486 667 378 182 68796 1 1 1 0 0 1 1
375 17885 2097 81 348 508 642 268 135 36180 1 1 1 1 0 1 1
1372 11386 1328 351 617 652 747 267 96 25632 1 1 1 0 0 1 1
1 9756 2018 1717 1916 2 526 200 525 105000 0 1 1 0 0 1 0
1893 7609 1425 2 233 839 916 232 78 18096 1 1 1 0 0 1 1
60 5811 803 1620 1782 71 211 163 141 22983 1 1 1 1 1 1 1
3353 5765 786 17 204 1031 1079 188 49 9212 1 1 1 0 1 0 1
1995 5695 949 683 883 857 924 201 68 13668 1 1 1 0 0 1 1
860 3806 447 1581 1692 589 647 112 59 6608 1 1 1 1 1 1 1
824 3642 459 1462 1569 586 638 108 53 5724 1 1 1 1 1 0 1
3387 3530 805 302 556 1036 1079 255 44 11220 1 1 1 0 0 1 1
1886 2845 802 332 462 835 897 131 63 8253 1 1 1 0 0 1 1
3529 2825 771 977 1202 1048 1079 226 32 7232 1 1 1 0 0 1 1
2153 2216 534 632 751 880 932 120 53 6360 1 1 1 0 0 1 1
793 2021 369 1387 1463 582 654 77 73 5621 1 1 1 1 1 1 1
3466 1920 325 602 691 1042 1079 90 38 3420 1 1 1 0 1 1 1
490 1510 382 1493 1584 531 576 92 46 4232 1 1 1 0 1 1 1
2432 1384 340 359 466 905 934 108 30 3240 1 1 1 0 1 1 1
1882 1348 433 182 271 835 890 90 56 5040 1 1 1 0 0 1 1
508 1172 288 1195 1234 535 594 40 60 2400 1 1 1 1 1 1 1
141 1024 370 377 398 166 350 22 185 4070 1 0 1 0 0 1 1
2063 997 286 266 338 872 899 73 28 2044 1 0 1 0 1 1 1
2175 995 340 887 991 883 909 105 27 2835 1 0 1 0 1 1 1
3480 937 216 842 931 1043 1059 90 17 1530 1 0 1 0 1 0 1
3525 915 170 707 781 1048 1065 75 18 1350 1 0 1 0 1 0 1
2188 899 298 1368 1443 885 924 76 40 3040 1 1 1 0 1 1 1
1531 850 236 728 788 676 702 61 27 1647 1 0 1 0 1 1 1
3668 837 229 1292 1397 1065 1079 106 15 1590 1 0 1 0 1 1 1
1505 799 237 902 989 671 688 88 18 1584 1 0 1 0 1 1 1
1896 794 193 251 323 839 859 73 21 1533 1 0 1 0 1 1 1
1455 776 303 1089 1156 662 701 68 40 2720 1 1 1 0 1 1 1
645 759 204 1625 1705 558 579 81 22 1782 1 0 1 0 1 1 1
3416 721 217 467 556 1037 1062 90 26 2340 1 0 1 0 1 1 1
4 694 198 1674 1739 33 62 66 30 1980 1 0 1 0 1 1 1
214 683 162 958 1034 328 340 77 13 1001 1 0 1 0 1 0 1
3411 658 204 197 241 1037 1070 45 34 1530 1 1 1 1 1 1 1
2249 653 202 459 511 891 931 53 41 2173 1 1 1 1 1 1 1
1997 650 163 1427 1471 857 887 45 31 1395 1 1 1 1 1 1 1
899 594 155 1009 1068 594 612 60 19 1140 1 0 1 0 1 1 1
2529 554 189 527 601 914 934 75 21 1575 1 0 1 0 1 1 1
2711 523 228 1565 1667 930 944 103 15 1545 1 0 1 0 1 1 1
232 516 284 1807 1843 380 460 37 81 2997 1 1 1 0 0 1 0
2278 445 157 1232 1291 892 909 60 18 1080 1 0 1 0 1 1 1
982 438 146 28 62 604 631 35 28 980 1 0 1 1 1 1 1
2413 416 185 1682 1741 902 918 60 17 1020 1 0 1 0 1 1 1
2553 414 186 1727 1797 916 930 71 15 1065 1 0 1 0 1 1 1
2599 402 159 137 193 920 935 57 16 912 1 0 1 0 1 1 1
2293 384 197 1313 1366 893 918 54 26 1404 1 0 1 0 1 1 1
3468 383 125 782 814 1042 1065 33 24 792 1 0 1 0 1 1 1
2503 365 160 227 294 913 933 68 21 1428 1 0 1 0 1 1 1
770 355 130 95 121 579 607 27 29 783 1 0 1 1 1 1 1
420 333 122 1682 1704 519 553 23 35 805 1 0 1 0 1 1 1
2316 326 105 1127 1171 896 909 45 14 630 1 0 1 0 1 1 1
1015 325 141 1243 1297 607 621 55 15 825 1 0 1 0 1 1 1
2267 311 123 1567 1601 891 912 35 22 770 1 0 0 0 1 1 1
1270 303 136 1329 1386 639 651 58 13 754 1 0 0 0 1 1 1
3369 298 139 1712 1764 1033 1052 53 20 1060 1 0 0 0 1 1 1
2189 294 124 1487 1524 885 904 38 20 760 1 0 0 0 1 1 1
2046 289 94 1487 1516 868 883 30 16 480 1 0 0 0 1 0 1
2108 268 96 473 513 877 889 41 13 533 1 0 0 0 1 1 1
290 260 124 1817 1840 461 504 24 44 1056 1 0 0 0 1 1 1
2196 259 144 1052 1096 886 906 45 21 945 1 0 0 0 1 1 1
3717 249 71 302 331 1071 1079 30 9 270 0 0 0 0 1 0 1
3599 220 88 280 316 1057 1070 37 14 518 1 0 0 0 1 1 1
2016 204 55 2 16 864 879 15 16 240 0 0 0 1 1 0 1
42 191 47 1584 1598 64 81 15 18 270 0 0 0 1 1 0 1
701 190 85 746 779 565 578 34 14 476 1 0 0 0 1 1 1
3697 190 98 857 901 1069 1076 45 8 360 1 0 0 0 1 1 1
3487 188 65 940 961 1044 1059 22 16 352 1 0 0 0 1 1 1
1761 187 63 401 422 741 755 22 15 330 1 0 0 0 1 1 1
3722 178 71 662 684 1071 1079 23 9 207 0 0 0 0 1 0 1
377 175 96 1824 1840 508 548 17 41 697 1 0 0 0 1 1 1
2522 174 67 1660 1681 913 926 22 14 308 1 0 0 0 1 1 1
2940 174 93 1772 1796 944 957 25 14 350 1 0 0 0 1 1 1
1981 169 49 302 317 856 867 16 12 192 0 0 0 1 1 0 1
3537 162 65 1712 1726 1048 1068 15 21 315 1 0 0 0 1 1 1
3626 162 45 1217 1231 1059 1070 15 12 180 0 0 0 1 1 0 1
2670 158 61 1880 1906 926 935 27 10 270 0 0 0 0 1 1 1
3540 158 75 0 16 1049 1070 17 22 374 1 0 0 1 1 1 1
2404 157 50 1201 1216 902 913 16 12 192 0 0 0 1 1 0 1
1561 156 77 804 836 679 687 33 9 297 0 0 0 0 1 1 1
551 155 92 1742 1769 543 564 28 22 616 1 0 0 1 1 1 1
1572 149 70 617 646 681 698 30 18 540 1 0 0 0 1 1 1
2681 149 63 22 51 928 935 30 8 240 0 0 0 0 1 0 1
337 147 80 1213 1237 491 518 25 28 700 1 0 0 1 1 1 0
864 146 60 934 959 590 599 26 10 260 0 0 0 0 1 1 1
196 145 39 1692 1705 232 245 14 14 196 0 0 0 1 1 0 1
359 144 50 311 331 501 510 21 10 210 0 0 0 0 1 0 1
3628 144 91 1724 1748 1059 1070 25 12 300 1 0 0 0 1 1 1
1837 143 71 1307 1330 783 798 24 16 384 1 0 0 0 1 1 1
3205 142 64 167 196 1003 1008 30 6 180 0 0 0 0 1 0 1
2394 140 58 593 616 902 913 24 12 288 0 0 0 0 1 1 1
792 138 73 1397 1432 582 593 36 12 432 1 0 0 0 1 1 1
2412 130 66 1649 1681 902 906 33 5 165 0 0 0 0 1 0 1
227 129 102 371 380 362 398 10 37 370 1 0 0 0 1 1 1
352 129 50 1781 1786 497 518 6 22 132 0 0 0 0 1 0 1
1665 129 63 719 737 699 714 19 16 304 1 0 0 1 1 1 1
346 128 86 349 357 496 539 9 44 396 1 0 0 0 1 1 1
2207 128 66 1182 1207 887 901 26 15 390 1 0 0 0 1 1 1
2803 128 83 1683 1718 936 944 36 9 324 1 0 0 0 1 1 1
2662 125 57 1842 1860 925 935 19 11 209 0 0 0 0 1 1 1
3243 122 65 512 541 1008 1014 30 7 210 0 0 0 0 1 1 1
2574 120 46 1322 1338 918 928 17 11 187 0 0 0 0 1 0 1
1159 117 85 1131 1171 624 637 41 14 574 1 0 0 0 1 1 0
2379 115 50 67 87 901 912 21 12 252 0 0 0 0 1 1 1
2366 113 51 1532 1546 899 912 15 14 210 0 0 0 1 1 1 1
552 111 46 1769 1785 543 552 17 10 170 0 0 0 0 1 0 1
531 109 43 77 91 541 552 15 12 180 0 0 0 1 1 0 1
1671 109 79 610 646 701 716 37 16 592 1 0 0 0 1 1 0
3539 109 52 1770 1792 1048 1059 23 12 276 0 0 0 0 1 1 1
3440 108 39 272 286 1040 1048 15 9 135 0 0 0 0 1 0 1
2731 105 61 1648 1674 932 942 27 11 297 0 0 0 0 1 1 1
291 104 58 357 361 463 490 5 28 140 0 0 0 0 1 0 1
427 102 53 1220 1234 520 533 15 14 210 0 0 0 1 1 1 1
961 101 39 1069 1081 602 613 13 12 156 0 0 0 1 1 0 1
3716 98 45 227 241 1071 1079 15 9 135 0 0 0 0 1 0 1
889 97 58 983 1006 593 601 24 9 216 0 0 0 0 1 1 1
3730 96 61 1682 1696 1071 1079 15 9 135 0 0 0 0 1 0 1
1167 95 40 1097 1111 625 635 15 11 165 0 0 0 0 1 1 1
409 94 40 61 76 518 526 16 9 144 0 0 0 0 1 0 1
3339 93 40 1472 1486 1029 1036 15 8 120 0 0 0 0 1 0 1
1479 91 53 837 849 666 680 13 15 195 0 0 0 1 1 1 1
3249 91 38 467 482 1009 1014 16 6 96 0 0 0 0 1 0 1
2576 90 63 1382 1411 918 922 30 5 150 0 0 0 0 1 1 1
658 89 41 1742 1755 559 571 14 13 182 0 0 0 1 1 1 1
3519 89 38 452 462 1048 1059 11 12 132 0 0 0 1 1 0 1
1551 88 59 587 608 678 690 22 13 286 0 0 0 0 1 1 1
634 86 47 1722 1741 557 564 20 8 160 0 0 0 0 1 1 1
1321 86 66 1502 1536 645 647 35 3 105 0 0 0 0 1 0 1
2515 86 40 886 901 913 921 16 9 144 0 0 0 0 1 1 1
3241 86 43 89 106 1008 1014 18 7 126 0 0 0 0 1 0 1
3573 86 36 1007 1021 1053 1059 15 7 105 0 0 0 0 1 0 1
874 85 44 1372 1391 591 598 20 8 160 0 0 0 0 1 1 1
3310 84 76 0 20 1021 1039 21 19 399 1 0 0 1 1 1 0
351 83 55 1768 1776 497 515 9 19 171 0 0 0 0 1 1 1
3666 83 37 1247 1261 1065 1072 15 8 120 0 0 0 0 1 0 1
135 82 32 1583 1595 164 175 13 12 156 0 0 0 1 1 1 1
3198 82 59 827 856 1001 1005 30 5 150 0 0 0 0 1 1 1
2555 80 47 86 106 917 921 21 5 105 0 0 0 0 1 0 1
2220 79 48 977 994 888 896 18 9 162 0 0 0 0 1 1 1
2764 79 54 2 15 935 946 14 12 168 0 0 0 1 1 1 1
3164 79 36 677 691 991 997 15 7 105 0 0 0 0 1 0 1
2452 78 42 1004 1021 907 914 18 8 144 0 0 0 0 1 1 1
789 77 62 864 886 582 591 23 10 230 0 0 0 0 1 1 1
2573 77 36 1082 1096 918 924 15 7 105 0 0 0 0 1 0 1
1478 76 34 819 833 666 672 15 7 105 0 0 0 0 1 0 1
2441 76 34 32 46 907 912 15 6 90 0 0 0 0 1 0 1
2783 76 59 47 61 936 945 15 10 150 0 0 0 0 1 1 1
3393 76 34 1292 1306 1036 1042 15 7 105 0 0 0 0 1 0 1
1513 75 46 1184 1201 672 684 18 13 234 0 0 0 0 1 1 1
762 71 50 845 862 576 586 18 11 198 0 0 0 0 1 1 1
1297 71 31 1075 1087 642 648 13 7 91 0 0 0 0 1 0 1
791 70 49 1238 1242 582 608 5 27 135 0 0 0 0 1 1 1
2682 70 36 59 76 928 934 18 7 126 0 0 0 0 1 1 1
2308 69 42 56 66 896 910 11 15 165 0 0 0 0 1 1 1
3467 69 38 692 706 1042 1048 15 7 105 0 0 0 0 1 0 1
3718 68 32 382 391 1071 1079 10 9 90 0 0 0 1 1 0 1
255 67 58 377 380 407 449 4 43 172 0 0 0 0 1 1 1
293 67 51 1812 1816 463 485 5 23 115 0 0 0 0 1 1 1
1013 67 30 1114 1126 607 614 13 8 104 0 0 0 0 1 0 1
1322 66 52 1541 1568 645 647 28 3 84 0 0 0 0 1 0 1
3023 66 47 1813 1832 950 959 20 10 200 0 0 0 0 1 1 1
932 64 28 81 91 598 605 11 8 88 0 0 0 0 1 0 1
3386 64 42 122 136 1036 1042 15 7 105 0 0 0 0 1 0 1
764 63 41 1461 1478 576 584 18 9 162 0 0 0 0 1 1 1
2263 63 40 1457 1471 891 898 15 8 120 0 0 0 0 1 1 1
2475 63 38 1835 1853 910 913 19 4 76 0 0 0 0 1 0 1
3588 63 37 555 572 1055 1059 18 5 90 0 0 0 0 1 0 1
2654 61 60 1682 1711 924 926 30 3 90 0 0 0 0 1 0 1
2619 60 50 1447 1471 921 925 25 5 125 0 0 0 0 1 1 1
1751 59 39 350 355 736 755 6 20 120 0 0 0 0 1 1 1
2524 59 31 1862 1870 913 923 9 11 99 0 0 0 1 1 1 1
3729 58 29 1577 1588 1071 1075 12 5 60 0 0 0 0 1 0 1
3736 58 42 1818 1831 1071 1079 14 9 126 0 0 0 0 1 1 1
1473 57 40 1202 1219 665 673 18 9 162 0 0 0 0 1 1 1
1575 57 40 1194 1213 681 688 20 8 160 0 0 0 0 1 1 1
2176 57 40 1103 1126 883 886 24 4 96 0 0 0 0 1 1 1
3766 57 34 1427 1441 1076 1079 15 4 60 0 0 0 0 1 0 1
3670 55 39 1718 1728 1065 1079 11 15 165 0 0 0 0 1 1 1
1113 54 44 1122 1129 619 639 8 21 168 0 0 0 0 1 1 1
2393 54 39 557 571 902 907 15 6 90 0 0 0 0 1 1 1
3735 54 30 1792 1801 1071 1079 10 9 90 0 0 0 1 1 1 1
745 53 47 797 811 574 582 15 9 135 0 0 0 0 1 1 1
981 53 47 1327 1351 603 609 25 7 175 0 0 0 0 1 1 1
3213 53 30 932 944 1003 1008 13 6 78 0 0 0 0 1 0 1
1263 52 37 800 815 638 645 16 8 128 0 0 0 0 1 1 1
1576 51 34 1224 1239 681 687 16 7 112 0 0 0 0 1 1 1
1955 51 34 2 16 850 856 15 7 105 0 0 0 0 1 1 1
2527 51 33 167 181 914 918 15 5 75 0 0 0 0 1 0 1
2673 51 47 1387 1411 927 932 25 6 150 0 0 0 0 1 1 1
3684 51 32 572 586 1067 1070 15 4 60 0 0 0 0 1 0 1
164 50 23 1805 1816 183 188 12 6 72 0 0 0 0 1 0 1
187 50 35 1817 1834 200 206 18 7 126 0 0 0 0 1 1 1
2972 50 35 1592 1606 946 953 15 8 120 0 0 0 0 1 1 1
1125 49 33 1316 1323 620 632 8 13 104 0 0 0 0 1 1 1
1228 49 37 756 760 632 649 5 18 90 0 0 0 0 1 1 1
1808 48 39 521 539 764 769 19 6 114 0 0 0 0 1 1 1
909 47 33 62 76 595 598 15 4 60 0 0 0 0 1 0 1
1798 47 26 387 391 756 766 5 11 55 0 0 0 0 1 0 1
292 46 36 373 376 463 482 4 20 80 0 0 0 0 1 1 1
1813 46 32 407 421 767 770 15 4 60 0 0 0 0 1 0 1
1942 46 30 1457 1464 846 856 8 11 88 0 0 0 0 1 1 1
3534 46 36 1127 1141 1048 1053 15 6 90 0 0 0 0 1 1 1
1541 45 34 787 796 677 689 10 13 130 0 0 0 1 1 1 1
1730 45 31 407 421 724 728 15 5 75 0 0 0 0 1 1 1
2669 45 32 1871 1876 926 939 6 14 84 0 0 0 0 1 1 1
501 44 33 1241 1243 534 551 3 18 54 0 0 0 0 1 0 1
2227 44 33 1033 1051 889 892 19 4 76 0 0 0 0 1 1 1
2781 44 43 1500 1531 935 937 32 3 96 0 0 0 0 1 1 1
3140 44 26 722 725 981 991 4 11 44 0 0 0 0 1 0 1
3520 44 31 587 601 1048 1050 15 3 45 0 0 0 0 1 0 1
1932 43 32 1427 1441 845 848 15 4 60 0 0 0 0 1 0 1
3418 43 43 827 842 1037 1044 16 8 128 0 0 0 0 1 1 1
3739 43 26 1901 1909 1071 1079 9 9 81 0 0 0 1 1 1 1
122 42 23 1782 1792 146 151 11 6 66 0 0 0 0 1 0 1
540 42 34 1892 1906 541 551 15 11 165 0 0 0 0 1 1 1
886 42 25 1652 1661 592 597 10 6 60 0 0 0 0 1 0 1
928 42 35 1356 1371 597 601 16 5 80 0 0 0 0 1 1 1
1126 42 28 1333 1342 620 629 10 10 100 0 0 0 1 1 1 1
2204 42 30 887 901 887 890 15 4 60 0 0 0 0 1 0 1
2672 42 41 1342 1365 927 929 24 3 72 0 0 0 0 1 1 1
2407 41 28 1369 1381 902 907 13 6 78 0 0 0 0 1 1 1
2548 41 31 1517 1531 916 919 15 4 60 0 0 0 0 1 0 1
1403 40 25 1190 1193 654 665 4 12 48 0 0 0 0 1 0 1
1792 40 19 1472 1479 753 759 8 7 56 0 0 0 1 1 0 1
867 39 22 1162 1171 590 597 10 8 80 0 0 0 1 1 1 1
2483 39 34 902 916 911 915 15 5 75 0 0 0 0 1 1 1
3330 39 35 1427 1441 1026 1030 15 5 75 0 0 0 0 1 1 1
3390 39 33 407 421 1036 1041 15 6 90 0 0 0 0 1 1 1
3728 39 33 1532 1546 1071 1075 15 5 75 0 0 0 0 1 1 1
3749 39 25 1892 1899 1072 1079 8 8 64 0 0 0 1 1 0 1
1954 38 30 1397 1411 849 852 15 4 60 0 0 0 0 1 0 1
3211 38 30 902 913 1003 1008 12 6 72 0 0 0 0 1 1 1
1404 37 32 1194 1199 654 668 6 15 90 0 0 0 0 1 1 1
1580 37 32 838 850 682 692 13 11 143 0 0 0 1 1 1 1
1660 37 26 792 800 698 705 9 8 72 0 0 0 1 1 1 1
2043 37 29 1406 1415 868 877 10 10 100 0 0 0 1 1 1 1
3143 37 26 857 869 981 984 13 4 52 0 0 0 0 1 0 1
2173 36 28 902 916 883 885 15 3 45 0 0 0 0 1 0 1
2195 36 24 1005 1013 886 895 9 10 90 0 0 0 1 1 1 1
816 35 35 1622 1646 585 586 25 2 50 0 0 0 0 1 0 1
1389 35 30 907 923 653 656 17 4 68 0 0 0 0 1 1 1
1859 35 30 1427 1441 809 811 15 3 45 0 0 0 0 1 0 1
3366 35 32 452 466 1033 1036 15 4 60 0 0 0 0 1 1 1
3710 35 31 1277 1291 1070 1072 15 3 45 0 0 0 0 1 0 1
392 34 22 2 11 513 518 10 6 60 0 0 0 0 1 1 1
557 34 25 1709 1720 544 552 12 9 108 0 0 0 1 1 1 1
837 34 29 1226 1233 587 601 8 15 120 0 0 0 0 1 1 1
2562 34 20 761 766 917 924 6 8 48 0 0 0 1 1 0 1
3326 34 32 1367 1381 1025 1030 15 6 90 0 0 0 0 1 1 1
834 33 21 924 931 587 593 8 7 56 0 0 0 1 1 1 1
1274 33 30 242 256 640 642 15 3 45 0 0 0 0 1 0 1
1345 33 21 573 582 649 654 10 6 60 0 0 0 0 1 1 1
1879 33 30 257 271 834 836 15 3 45 0 0 0 0 1 0 1
2113 33 32 569 586 877 879 18 3 54 0 0 0 0 1 0 1
3260 33 30 1052 1066 1012 1014 15 3 45 0 0 0 0 1 0 1
3734 33 30 1775 1786 1071 1078 12 8 96 0 0 0 0 1 1 1
381 32 17 1181 1187 510 516 7 7 49 0 0 0 1 1 0 1
721 32 20 1712 1716 568 575 5 8 40 0 0 0 0 1 0 1
911 32 22 962 971 595 598 10 4 40 0 0 0 0 1 0 1
942 32 22 25 28 599 608 4 10 40 0 0 0 0 1 0 1
1421 32 21 563 571 656 659 9 4 36 0 0 0 0 1 0 1
2519 32 29 1127 1141 913 916 15 4 60 0 0 0 0 1 1 1
2812 32 25 124 133 938 943 10 6 60 0 0 0 0 1 1 1
3328 32 23 1276 1279 1026 1036 4 11 44 0 0 0 0 1 0 1
3771 32 30 1202 1216 1077 1079 15 3 45 0 0 0 0 1 0 1
347 31 27 1547 1558 496 502 12 7 84 0 0 0 0 1 1 1
398 31 20 1712 1720 514 519 9 6 54 0 0 0 0 1 1 1
636 31 29 1877 1891 557 559 15 3 45 0 0 0 0 1 0 1
1726 31 22 489 499 722 727 11 6 66 0 0 0 0 1 1 1
2084 31 19 1119 1126 874 878 8 5 40 0 0 0 0 1 0 1
2472 31 30 977 991 910 912 15 3 45 0 0 0 0 1 0 1
3086 31 20 1911 1919 961 965 9 5 45 0 0 0 0 1 0 1
615 30 17 1502 1506 553 560 5 8 40 0 0 0 0 1 0 1
800 30 26 1097 1111 583 586 15 4 60 0 0 0 0 1 1 1
1114 30 21 1162 1170 619 624 9 6 54 0 0 0 0 1 1 1
1996 30 17 1387 1392 857 862 6 6 36 0 0 0 1 1 0 1
2050 30 21 662 668 869 875 7 7 49 0 0 0 1 1 0 1
3042 30 17 1914 1919 952 957 6 6 36 0 0 0 1 1 0 1
3419 30 30 902 916 1037 1038 15 2 30 0 0 0 0 1 0 1
3536 30 30 1307 1321 1048 1049 15 2 30 0 0 0 0 1 0 1
382 29 27 1721 1736 510 513 16 4 64 0 0 0 0 1 1 1
1168 29 20 1247 1254 625 631 8 7 56 0 0 0 1 1 1 1
1280 29 22 868 880 640 642 13 3 39 0 0 0 0 1 0 1
2645 29 25 1798 1808 923 930 11 8 88 0 0 0 0 1 1 1
3055 29 22 1892 1901 954 958 10 5 50 0 0 0 0 1 1 1
676 28 28 677 696 562 563 20 2 40 0 0 0 0 1 0 1
1440 28 19 923 931 659 663 9 5 45 0 0 0 0 1 0 1
1856 28 17 1376 1383 808 811 8 4 32 0 0 0 0 1 0 1
2520 28 19 1472 1480 913 917 9 5 45 0 0 0 0 1 0 1
127 27 16 1772 1776 154 159 5 6 30 0 0 0 1 1 0 1
224 27 27 380 381 351 368 2 18 36 0 0 0 0 1 0 1
605 27 24 344 346 552 563 3 12 36 0 0 0 0 1 0 1
1931 27 20 419 429 845 848 11 4 44 0 0 0 0 1 0 1
1960 27 27 1367 1385 850 852 19 3 57 0 0 0 0 1 1 1
1970 27 20 426 435 854 858 10 5 50 0 0 0 0 1 1 1
2598 27 17 32 38 920 924 7 5 35 0 0 0 0 1 0 1
3318 27 27 1142 1156 1024 1025 15 2 30 0 0 0 0 1 0 1
1035 26 17 1171 1176 609 616 6 8 48 0 0 0 1 1 1 1
1247 26 21 414 425 636 639 12 4 48 0 0 0 0 1 1 1
1754 26 19 428 436 738 743 9 6 54 0 0 0 0 1 1 1
2516 26 26 1067 1081 913 915 15 3 45 0 0 0 0 1 1 1
965 25 17 1298 1302 602 609 5 8 40 0 0 0 0 1 0 1
1286 25 17 1704 1711 640 644 8 5 40 0 0 0 0 1 0 1
1317 25 19 1480 1489 644 647 10 4 40 0 0 0 0 1 0 1
1347 25 19 807 811 649 656 5 8 40 0 0 0 0 1 0 1
1454 25 17 801 806 662 667 6 6 36 0 0 0 1 1 0 1
1632 25 20 802 811 689 694 10 6 60 0 0 0 0 1 1 1
1836 25 17 1277 1281 782 788 5 7 35 0 0 0 0 1 0 1
1122 24 18 760 768 620 625 9 6 54 0 0 0 0 1 1 1
1397 24 16 739 745 654 659 7 6 42 0 0 0 1 1 1 1
1901 24 18 249 256 840 842 8 3 24 0 0 0 0 1 0 1
2434 24 15 898 901 905 911 4 7 28 0 0 0 0 1 0 1
3030 24 24 1517 1531 951 954 15 4 60 0 0 0 0 1 1 1
1123 23 16 792 796 620 625 5 6 30 0 0 0 1 1 0 1
1536 23 23 1217 1231 676 677 15 2 30 0 0 0 0 1 0 1
2741 23 20 1462 1471 933 936 10 4 40 0 0 0 0 1 1 1
2786 23 22 102 112 936 942 11 7 77 0 0 0 0 1 1 1
264 22 14 1532 1537 432 435 6 4 24 0 0 0 0 1 0 1
575 22 22 1907 1919 547 548 13 2 26 0 0 0 0 1 0 1
642 22 15 731 736 558 561 6 4 24 0 0 0 0 1 0 1
1332 22 13 1026 1030 646 650 5 5 25 0 0 0 1 1 0 1
3738 22 18 1842 1846 1071 1079 5 9 45 0 0 0 0 1 1 1
265 21 17 1547 1549 432 440 3 9 27 0 0 0 0 1 0 1
1076 21 15 1147 1154 614 618 8 5 40 0 0 0 0 1 1 1
1082 21 21 1347 1360 615 616 14 2 28 0 0 0 0 1 0 1
1191 21 20 257 268 629 634 12 6 72 0 0 0 0 1 1 1
1227 21 18 744 751 632 635 8 4 32 0 0 0 0 1 0 1
1358 21 18 977 985 650 653 9 4 36 0 0 0 0 1 1 1
2117 21 16 632 639 877 879 8 3 24 0 0 0 0 1 0 1
2359 21 20 1008 1021 899 901 14 3 42 0 0 0 0 1 1 1
2396 21 17 692 699 902 905 8 4 32 0 0 0 0 1 0 1
2554 21 16 10 16 917 921 7 5 35 0 0 0 0 1 1 1
2734 21 16 78 84 933 938 7 6 42 0 0 0 1 1 1 1
3417 21 19 727 736 1037 1041 10 5 50 0 0 0 0 1 1 1
485 20 20 1862 1865 530 541 4 12 48 0 0 0 0 1 1 1
494 20 14 69 73 532 535 5 4 20 0 0 0 1 1 0 1
743 20 15 1478 1485 573 575 8 3 24 0 0 0 0 1 0 1
962 20 15 1220 1223 602 609 4 8 32 0 0 0 0 1 0 1
1111 20 14 857 862 619 624 6 6 36 0 0 0 1 1 1 1
1233 20 14 1262 1266 632 635 5 4 20 0 0 0 1 1 0 1
1327 20 15 482 487 646 650 6 5 30 0 0 0 1 1 0 1
2254 20 14 881 886 891 894 6 4 24 0 0 0 0 1 0 1
2416 20 15 419 421 903 909 3 7 21 0 0 0 0 1 0 1
2429 20 19 131 141 905 908 11 4 44 0 0 0 0 1 1 1
2657 20 20 116 133 925 927 18 3 54 0 0 0 0 1 1 1
236 19 17 1889 1896 386 390 8 5 40 0 0 0 0 1 1 1
710 19 18 1102 1107 566 574 6 9 54 0 0 0 0 1 1 1
797 19 19 819 832 583 587 14 5 70 0 0 0 0 1 1 1
912 19 19 1081 1089 595 597 9 3 27 0 0 0 0 1 0 1
931 19 13 54 59 598 602 6 5 30 0 0 0 1 1 0 1
1253 19 12 1302 1306 636 640 5 5 25 0 0 0 1 1 0 1
2137 19 15 466 471 879 884 6 6 36 0 0 0 1 1 1 1
2532 19 19 1097 1111 914 915 15 2 30 0 0 0 0 1 0 1
2955 19 19 1502 1516 945 946 15 2 30 0 0 0 0 1 0 1
3022 19 16 1692 1699 950 955 8 6 48 0 0 0 1 1 1 1
3074 19 15 1802 1808 958 961 7 4 28 0 0 0 0 1 0 1
309 18 13 1500 1505 477 480 6 4 24 0 0 0 0 1 0 1
324 18 16 1514 1516 485 492 3 8 24 0 0 0 0 1 0 1
1273 18 15 167 174 640 642 8 3 24 0 0 0 0 1 0 1
1349 18 13 1193 1197 649 653 5 5 25 0 0 0 1 1 0 1
1423 18 17 1314 1321 656 658 8 3 24 0 0 0 0 1 0 1
1446 18 13 1268 1274 660 664 7 5 35 0 0 0 0 1 1 1
1644 18 13 906 912 691 693 7 3 21 0 0 0 0 1 0 1
2216 18 16 686 691 888 894 6 7 42 0 0 0 1 1 1 1
2328 18 13 482 486 897 901 5 5 25 0 0 0 1 1 0 1
2411 18 18 1622 1633 902 905 12 4 48 0 0 0 0 1 1 1
2478 18 14 160 166 911 913 7 3 21 0 0 0 0 1 0 1
3101 18 16 1862 1869 969 973 8 5 40 0 0 0 0 1 1 1
312 17 13 1522 1527 479 482 6 4 24 0 0 0 0 1 0 1
360 17 14 1181 1184 501 507 4 7 28 0 0 0 0 1 0 1
655 17 17 1241 1241 559 575 1 17 17 0 0 0 0 1 0 1
1036 17 12 1182 1186 609 613 5 5 25 0 0 0 1 1 0 1
1038 17 17 1202 1216 609 610 15 2 30 0 0 0 0 1 1 1
1248 17 14 449 454 636 640 6 5 30 0 0 0 1 1 1 1
1344 17 14 1322 1325 648 653 4 6 24 0 0 0 0 1 0 1
1834 17 15 1247 1253 778 781 7 4 28 0 0 0 0 1 0 1
1843 17 12 446 451 786 789 6 4 24 0 0 0 0 1 0 1
2092 17 12 1377 1381 875 878 5 4 20 0 0 0 1 1 0 1
2747 17 17 107 115 934 935 9 2 18 0 0 0 0 1 0 1
3051 17 13 1862 1867 953 957 6 5 30 0 0 0 1 1 1 1
237 16 12 1873 1876 389 393 4 5 20 0 0 0 1 1 0 1
517 16 13 1661 1666 537 541 6 5 30 0 0 0 1 1 1 1
807 16 14 891 899 584 586 9 3 27 0 0 0 0 1 1 1
1448 16 14 1278 1284 661 663 7 3 21 0 0 0 0 1 0 1
1812 16 14 377 383 767 769 7 3 21 0 0 0 0 1 0 1
1829 16 16 1337 1350 776 777 14 2 28 0 0 0 0 1 1 1
1863 16 13 1299 1306 815 817 8 3 24 0 0 0 0 1 0 1
2244 16 15 47 53 891 896 7 6 42 0 0 0 1 1 1 1
2430 16 16 144 154 905 907 11 3 33 0 0 0 0 1 1 1
2494 16 16 525 535 912 916 11 5 55 0 0 0 0 1 1 1
146 15 14 1692 1696 169 173 5 5 25 0 0 0 1 1 1 1
502 15 15 63 68 535 540 6 6 36 0 0 0 1 1 1 1
578 15 13 742 744 548 554 3 7 21 0 0 0 0 1 0 1
594 15 15 557 564 550 552 8 3 24 0 0 0 0 1 0 1
670 15 14 738 744 561 564 7 4 28 0 0 0 0 1 1 1
805 15 15 1583 1591 583 584 9 2 18 0 0 0 0 1 0 1
1264 15 15 821 831 638 639 11 2 22 0 0 0 0 1 0 1
1279 15 15 842 856 640 640 15 1 15 0 0 0 0 1 0 1
1323 15 15 1637 1651 645 645 15 1 15 0 0 0 0 1 0 1
1797 15 12 557 561 755 758 5 4 20 0 0 0 1 1 0 1
1799 15 12 462 466 756 758 5 3 15 0 0 0 0 1 0 1
2268 15 12 1601 1606 891 894 6 4 24 0 0 0 0 1 0 1
2787 15 15 287 297 936 938 11 3 33 0 0 0 0 1 1 1
3081 15 13 1780 1786 960 963 7 4 28 0 0 0 0 1 1 1
3360 15 14 326 331 1032 1036 6 5 30 0 0 0 1 1 1 1
257 14 13 365 367 411 418 3 8 24 0 0 0 0 1 1 1
473 14 14 1210 1219 528 530 10 3 30 0 0 0 0 1 1 1
835 14 12 1094 1096 587 592 3 6 18 0 0 0 0 1 0 1
1164 14 11 77 81 625 627 5 3 15 0 0 0 0 1 0 1
1222 14 12 167 170 632 636 4 5 20 0 0 0 1 1 0 1
1304 14 11 1014 1018 643 645 5 3 15 0 0 0 0 1 0 1
2410 14 13 1474 1483 902 904 10 3 30 0 0 0 0 1 1 1
2499 14 14 1518 1531 912 912 14 1 14 0 0 0 0 1 0 1
2661 14 13 1832 1837 925 929 6 5 30 0 0 0 1 1 1 1
2748 14 12 119 123 934 937 5 4 20 0 0 0 1 1 0 1
2798 14 14 1487 1495 936 937 9 2 18 0 0 0 0 1 0 1
3032 14 13 1757 1763 951 953 7 3 21 0 0 0 0 1 0 1
3135 14 14 685 691 980 985 7 6 42 0 0 0 1 1 1 1
393 13 12 107 109 513 519 3 7 21 0 0 0 0 1 0 1
489 13 10 1163 1166 531 534 4 4 16 0 0 0 1 1 0 1
763 13 13 1158 1166 576 578 9 3 27 0 0 0 0 1 1 1
802 13 12 1116 1121 583 586 6 4 24 0 0 0 0 1 1 1
963 13 13 1230 1231 602 608 2 7 14 0 0 0 0 1 0 1
1193 13 11 442 445 629 634 4 6 24 0 0 0 0 1 1 1
1276 13 11 437 441 640 642 5 3 15 0 0 0 0 1 0 1
1434 13 10 1112 1115 658 661 4 4 16 0 0 0 1 1 0 1
1752 13 11 527 530 737 740 4 4 16 0 0 0 1 1 0 1
1776 13 11 1391 1395 745 748 5 4 20 0 0 0 1 1 0 1
2126 13 13 652 660 878 880 9 3 27 0 0 0 0 1 1 1
2392 13 12 372 376 902 906 5 5 25 0 0 0 1 1 1 1
2415 13 11 1872 1876 902 905 5 4 20 0 0 0 1 1 0 1
2721 13 13 1480 1486 931 932 7 2 14 0 0 0 0 1 0 1
3019 13 11 1577 1581 950 953 5 4 20 0 0 0 1 1 0 1
571 12 12 536 541 547 548 6 2 12 0 0 0 0 1 0 1
592 12 10 523 526 550 552 4 3 12 0 0 0 1 1 0 1
627 12 12 1709 1711 556 561 3 6 18 0 0 0 0 1 0 1
1173 12 12 404 408 626 629 5 4 20 0 0 0 1 1 1 1
1179 12 12 1347 1354 627 629 8 3 24 0 0 0 0 1 1 1
1226 12 12 462 466 632 636 5 5 25 0 0 0 1 1 1 1
1245 12 12 740 743 635 642 4 8 32 0 0 0 0 1 1 1
1359 12 9 1060 1064 650 652 5 3 15 0 0 0 0 1 0 1
1387 12 12 857 864 653 655 8 3 24 0 0 0 0 1 1 1
1407 12 10 1307 1310 654 656 4 3 12 0 0 0 1 1 0 1
1457 12 11 833 837 663 665 5 3 15 0 0 0 0 1 0 1
1662 12 10 422 426 699 701 5 3 15 0 0 0 0 1 0 1
1742 12 10 1387 1391 731 734 5 4 20 0 0 0 1 1 1 1
1779 12 10 572 575 747 751 4 5 20 0 0 0 1 1 1 1
2152 12 12 602 610 880 881 9 2 18 0 0 0 0 1 0 1
2285 12 12 275 284 893 895 10 3 30 0 0 0 0 1 1 1
2324 12 11 28 32 897 901 5 5 25 0 0 0 1 1 1 1
2335 12 9 1697 1701 897 900 5 4 20 0 0 0 1 1 1 1
2498 12 12 1460 1471 912 912 12 1 12 0 0 0 0 1 0 1
2683 12 12 195 201 928 930 7 3 21 0 0 0 0 1 1 1
3062 12 12 1903 1906 955 960 4 6 24 0 0 0 0 1 1 1
3278 12 9 34 38 1015 1018 5 4 20 0 0 0 1 1 1 1
3358 12 12 23 29 1032 1037 7 6 42 0 0 0 1 1 1 1
3490 12 12 1705 1711 1044 1046 7 3 21 0 0 0 0 1 1 1
245 11 10 367 369 399 404 3 6 18 0 0 0 0 1 0 1
412 11 11 1240 1241 518 527 2 10 20 0 0 0 0 1 1 1
435 11 9 1890 1893 523 526 4 4 16 0 0 0 1 1 0 1
580 11 10 1762 1767 548 550 6 3 18 0 0 0 0 1 0 1
1037 11 11 1190 1198 609 610 9 2 18 0 0 0 0 1 0 1
1232 11 11 1172 1177 632 633 6 2 12 0 0 0 0 1 0 1
1283 11 11 1092 1096 640 642 5 3 15 0 0 0 0 1 0 1
1305 11 11 1034 1039 643 644 6 2 12 0 0 0 0 1 0 1
1331 11 11 1007 1012 646 647 6 2 12 0 0 0 0 1 0 1
1399 11 9 830 834 654 656 5 3 15 0 0 0 0 1 0 1
1439 11 10 698 701 659 662 4 4 16 0 0 0 1 1 0 1
1667 11 9 1286 1288 700 703 3 4 12 0 0 0 1 1 0 1
1906 11 9 662 665 840 843 4 4 16 0 0 0 1 1 0 1
2030 11 11 1378 1385 866 867 8 2 16 0 0 0 0 1 0 1
2042 11 11 1174 1183 868 869 10 2 20 0 0 0 0 1 1 1
2183 11 10 342 346 885 888 5 4 20 0 0 0 1 1 1 1
2221 11 11 1172 1177 888 889 6 2 12 0 0 0 0 1 0 1
2323 11 11 20 24 897 901 5 5 25 0 0 0 1 1 1 1
2521 11 11 1532 1539 913 915 8 3 24 0 0 0 0 1 1 1
3535 11 11 1207 1216 1048 1049 10 2 20 0 0 0 0 1 1 1
3714 11 10 1416 1421 1070 1072 6 3 18 0 0 0 0 1 0 1
83 10 8 479 481 85 88 3 4 12 0 0 0 1 1 0 1
396 10 9 268 271 513 516 4 4 16 0 0 0 1 1 0 1
407 10 10 1188 1195 517 518 8 2 16 0 0 0 0 1 0 1
863 10 10 902 906 590 592 5 3 15 0 0 0 0 1 0 1
1083 10 8 265 267 616 619 3 4 12 0 0 0 1 1 0 1
1158 10 9 458 460 624 629 3 6 18 0 0 0 0 1 1 1
1184 10 10 752 756 628 631 5 4 20 0 0 0 1 1 1 1
1303 10 10 977 981 643 644 5 2 10 0 0 0 0 1 0 1
1370 10 9 1238 1242 651 653 5 3 15 0 0 0 0 1 0 1
1685 10 9 1277 1279 704 707 3 4 12 0 0 0 1 1 0 1
2024 10 9 1227 1231 865 867 5 3 15 0 0 0 0 1 0 1
2111 10 10 534 539 877 879 6 3 18 0 0 0 0 1 1 1
2208 10 9 1273 1276 887 890 4 4 16 0 0 0 1 1 0 1
2471 10 10 518 524 910 912 7 3 21 0 0 0 0 1 1 1
2686 10 10 1377 1381 928 931 5 4 20 0 0 0 1 1 1 1
2983 10 10 1652 1657 947 948 6 2 12 0 0 0 0 1 0 1
3361 10 10 394 399 1032 1036 6 5 30 0 0 0 1 1 1 1
3486 10 9 936 939 1044 1046 4 3 12 0 0 0 1 1 0 1
3725 10 10 741 747 1071 1073 7 3 21 0 0 0 0 1 1 1
251 9 8 380 382 402 406 3 5 15 0 0 0 0 1 1 1
338 9 9 1551 1557 491 493 7 3 21 0 0 0 0 1 1 1
344 9 8 1764 1766 494 496 3 3 9 0 0 0 1 1 0 1
783 9 9 1170 1171 581 586 2 6 12 0 0 0 0 1 0 1
836 9 8 1184 1186 587 590 3 4 12 0 0 0 1 1 0 1
841 9 9 1457 1458 587 591 2 5 10 0 0 0 0 1 0 1
922 9 9 1217 1218 596 600 2 5 10 0 0 0 0 1 0 1
938 9 9 1352 1355 598 602 4 5 20 0 0 0 1 1 1 1
1185 9 9 962 965 628 630 4 3 12 0 0 0 1 1 0 1
1187 9 8 1310 1312 628 631 3 4 12 0 0 0 1 1 0 1
1363 9 8 746 749 651 653 4 3 12 0 0 0 1 1 0 1
1521 9 9 767 768 674 680 2 7 14 0 0 0 0 1 0 1
1587 9 8 1174 1178 682 684 5 3 15 0 0 0 0 1 1 1
1686 9 9 362 364 705 710 3 6 18 0 0 0 0 1 1 1
1806 9 8 369 371 764 766 3 3 9 0 0 0 1 1 0 1
1821 9 9 430 436 770 772 7 3 21 0 0 0 0 1 1 1
1825 9 9 388 391 775 777 4 3 12 0 0 0 1 1 0 1
2105 9 7 1531 1534 876 879 4 4 16 0 0 0 1 1 1 1
2310 9 9 523 526 896 898 4 3 12 0 0 0 1 1 0 1
2544 9 9 917 923 916 917 7 2 14 0 0 0 0 1 0 1
2546 9 9 954 961 916 917 8 2 16 0 0 0 0 1 1 1
2609 9 9 1578 1586 920 920 9 1 9 0 0 0 0 1 0 1
2666 9 9 1562 1568 926 928 7 3 21 0 0 0 0 1 1 1
3770 9 9 841 845 1077 1079 5 3 15 0 0 0 0 1 1 1
280 8 8 1769 1771 441 445 3 5 15 0 0 0 0 1 1 1
428 8 8 1832 1833 520 523 2 4 8 0 0 0 0 1 0 1
469 8 7 212 214 528 530 3 3 9 0 0 0 1 1 0 1
562 8 8 1812 1816 545 546 5 2 10 0 0 0 0 1 0 1
632 8 7 1169 1171 557 559 3 3 9 0 0 0 1 1 0 1
689 8 8 865 868 563 564 4 2 8 0 0 0 0 1 0 1
703 8 8 1474 1478 565 566 5 2 10 0 0 0 0 1 0 1
846 8 8 1768 1771 587 589 4 3 12 0 0 0 1 1 0 1
1080 8 8 1091 1094 615 619 4 5 20 0 0 0 1 1 1 1
1220 8 8 1461 1466 631 633 6 3 18 0 0 0 0 1 1 1
1292 8 8 1472 1477 641 642 6 2 12 0 0 0 0 1 0 1
1340 8 8 927 928 648 651 2 4 8 0 0 0 0 1 0 1
1342 8 8 995 1000 648 649 6 2 12 0 0 0 0 1 0 1
1356 8 7 881 886 650 652 6 3 18 0 0 0 0 1 1 1
1366 8 8 1019 1021 651 654 3 4 12 0 0 0 1 1 0 1
1400 8 8 851 852 654 657 2 4 8 0 0 0 0 1 0 1
1543 8 8 900 901 677 681 2 5 10 0 0 0 0 1 0 1
1624 8 8 1387 1394 687 687 8 1 8 0 0 0 0 1 0 1
1826 8 8 1502 1504 775 778 3 4 12 0 0 0 1 1 0 1
1858 8 7 1392 1395 809 811 4 3 12 0 0 0 1 1 0 1
2191 8 8 52 59 886 886 8 1 8 0 0 0 0 1 0 1
2224 8 7 1592 1596 888 890 5 3 15 0 0 0 0 1 1 1
2540 8 8 1502 1506 915 918 5 4 20 0 0 0 1 1 1 1
2750 8 8 218 223 934 935 6 2 12 0 0 0 0 1 0 1
3041 8 8 1839 1846 952 952 8 1 8 0 0 0 0 1 0 1
3067 8 8 1662 1666 956 957 5 2 10 0 0 0 0 1 0 1
3085 8 8 1843 1846 961 963 4 3 12 0 0 0 1 1 0 1
3099 8 8 1854 1861 968 968 8 1 8 0 0 0 0 1 0 1
3362 8 8 587 589 1032 1037 3 6 18 0 0 0 0 1 1 1
54 7 7 1678 1681 68 69 4 2 8 0 0 0 0 1 0 1
81 7 7 1709 1711 84 86 3 3 9 0 0 0 1 1 0 1
370 7 7 1833 1836 506 507 4 2 8 0 0 0 0 1 0 1
555 7 6 457 459 544 546 3 3 9 0 0 0 1 1 0 1
722 7 6 1728 1731 568 570 4 3 12 0 0 0 1 1 1 1
740 7 7 787 790 573 574 4 2 8 0 0 0 0 1 0 1
756 7 7 44 46 576 578 3 3 9 0 0 0 1 1 0 1
782 7 7 862 866 581 582 5 2 10 0 0 0 0 1 0 1
956 7 7 988 991 601 603 4 3 12 0 0 0 1 1 1 1
1046 7 7 1009 1013 610 611 5 2 10 0 0 0 0 1 0 1
1136 7 7 958 961 621 622 4 2 8 0 0 0 0 1 0 1
1194 7 7 791 794 629 630 4 2 8 0 0 0 0 1 0 1
1197 7 6 1194 1197 629 631 4 3 12 0 0 0 1 1 1 1
1235 7 7 1517 1519 632 634 3 3 9 0 0 0 1 1 0 1
1243 7 7 1183 1186 634 635 4 2 8 0 0 0 0 1 0 1
1318 7 7 524 526 645 648 3 4 12 0 0 0 1 1 1 1
1325 7 7 452 454 646 648 3 3 9 0 0 0 1 1 0 1
1405 7 7 1270 1273 654 655 4 2 8 0 0 0 0 1 0 1
1451 7 7 1362 1366 661 662 5 2 10 0 0 0 0 1 0 1
1484 7 7 1127 1133 666 666 7 1 7 0 0 0 0 1 0 1
1527 7 7 752 758 675 675 7 1 7 0 0 0 0 1 0 1
1612 7 7 947 951 686 687 5 2 10 0 0 0 0 1 0 1
1631 7 7 1257 1258 688 691 2 4 8 0 0 0 0 1 0 1
1757 7 7 538 541 739 740 4 2 8 0 0 0 0 1 0 1
1758 7 7 545 551 739 739 7 1 7 0 0 0 0 1 0 1
1772 7 7 584 588 744 745 5 2 10 0 0 0 0 1 0 1
1778 7 7 514 516 747 749 3 3 9 0 0 0 1 1 0 1
1795 7 7 606 609 754 755 4 2 8 0 0 0 0 1 0 1
1854 7 7 1577 1580 794 795 4 2 8 0 0 0 0 1 0 1
1880 7 7 302 306 834 835 5 2 10 0 0 0 0 1 0 1
1905 7 6 407 409 840 842 3 3 9 0 0 0 1 1 0 1
1963 7 7 197 199 851 855 3 5 15 0 0 0 0 1 1 1
1998 7 7 1450 1454 857 858 5 2 10 0 0 0 0 1 0 1
2112 7 7 557 560 877 879 4 3 12 0 0 0 1 1 1 1
2259 7 7 1145 1150 891 892 6 2 12 0 0 0 0 1 1 1
2538 7 7 520 523 915 916 4 2 8 0 0 0 0 1 0 1
2618 7 7 1434 1437 921 924 4 4 16 0 0 0 1 1 1 1
2636 7 7 1023 1029 923 923 7 1 7 0 0 0 0 1 0 1
2719 7 7 1326 1329 931 932 4 2 8 0 0 0 0 1 0 1
3262 7 7 117 121 1013 1014 5 2 10 0 0 0 0 1 0 1
3303 7 6 74 76 1020 1023 3 4 12 0 0 0 1 1 1 1
3367 7 7 593 595 1033 1036 3 4 12 0 0 0 1 1 1 1
3396 7 7 1569 1575 1036 1036 7 1 7 0 0 0 0 1 0 1
3557 7 7 1871 1875 1051 1053 5 3 15 0 0 0 0 1 1 1
3593 7 6 333 336 1056 1058 4 3 12 0 0 0 1 1 1 1
3687 7 7 247 250 1068 1070 4 3 12 0 0 0 1 1 1 1
3769 7 7 1772 1775 1076 1079 4 4 16 0 0 0 1 1 1 1
3776 7 7 851 855 1078 1079 5 2 10 0 0 0 0 1 0 1
287 6 6 362 363 452 454 2 3 6 0 0 0 0 1 0 1
426 6 6 1214 1216 520 521 3 2 6 0 0 0 0 1 0 1
455 6 6 1768 1770 526 529 3 4 12 0 0 0 1 1 1 1
522 6 6 1562 1563 538 541 2 4 8 0 0 0 0 1 0 1
534 6 6 447 451 541 542 5 2 10 0 0 0 0 1 1 1
598 6 5 1869 1871 550 552 3 3 9 0 0 0 1 1 0 1
616 6 6 1721 1724 553 555 4 3 12 0 0 0 1 1 1 1
659 6 6 707 709 560 561 3 2 6 0 0 0 0 1 0 1
761 6 6 822 826 576 577 5 2 10 0 0 0 0 1 1 1
773 6 6 869 871 579 580 3 2 6 0 0 0 0 1 0 1
1056 6 6 270 271 611 613 2 3 6 0 0 0 0 1 0 1
1079 6 6 242 243 615 618 2 4 8 0 0 0 0 1 0 1
1095 6 6 1571 1574 617 619 4 3 12 0 0 0 1 1 1 1
1102 6 6 1380 1381 618 620 2 3 6 0 0 0 0 1 0 1
1371 6 6 1382 1383 651 653 2 3 6 0 0 0 0 1 0 1
1419 6 6 1427 1428 655 659 2 5 10 0 0 0 0 1 1 1
1465 6 6 1290 1291 664 667 2 4 8 0 0 0 0 1 0 1
1477 6 6 602 604 666 667 3 2 6 0 0 0 0 1 0 1
1550 6 6 1379 1381 677 679 3 3 9 0 0 0 1 1 0 1
1611 6 6 827 830 686 687 4 2 8 0 0 0 0 1 0 1
1636 6 6 797 798 690 693 2 4 8 0 0 0 0 1 0 1
1738 6 6 516 519 730 731 4 2 8 0 0 0 0 1 0 1
1770 6 6 576 581 743 743 6 1 6 0 0 0 0 1 0 1
2284 6 6 84 87 893 895 4 3 12 0 0 0 1 1 1 1
2298 6 6 519 521 894 895 3 2 6 0 0 0 0 1 0 1
2370 6 6 512 516 900 901 5 2 10 0 0 0 0 1 1 1
2401 6 6 1103 1108 902 902 6 1 6 0 0 0 0 1 0 1
2414 6 6 1860 1861 902 904 2 3 6 0 0 0 0 1 0 1
2454 6 6 182 184 908 911 3 4 12 0 0 0 1 1 1 1
2489 6 6 1817 1819 911 913 3 3 9 0 0 0 1 1 0 1
2491 6 6 50 55 912 912 6 1 6 0 0 0 0 1 0 1
2791 6 6 729 730 936 939 2 4 8 0 0 0 0 1 0 1
2802 6 6 1693 1696 936 937 4 2 8 0 0 0 0 1 0 1
2879 6 6 117 120 943 945 4 3 12 0 0 0 1 1 1 1
2942 6 6 1863 1867 944 945 5 2 10 0 0 0 0 1 1 1
2957 6 6 1858 1859 945 947 2 3 6 0 0 0 0 1 0 1
2993 6 6 1896 1901 948 948 6 1 6 0 0 0 0 1 0 1
3033 6 6 1767 1771 951 952 5 2 10 0 0 0 0 1 1 1
3098 6 6 1839 1844 968 968 6 1 6 0 0 0 0 1 0 1
3142 6 6 809 811 981 983 3 3 9 0 0 0 1 1 0 1
3263 6 6 207 211 1013 1014 5 2 10 0 0 0 0 1 1 1
3293 6 6 70 71 1018 1021 2 4 8 0 0 0 0 1 0 1
3296 6 6 137 139 1019 1022 3 4 12 0 0 0 1 1 1 1
3333 6 6 328 331 1027 1028 4 2 8 0 0 0 0 1 0 1
3470 6 6 885 886 1042 1044 2 3 6 0 0 0 0 1 0 1
3640 6 6 1847 1851 1060 1061 5 2 10 0 0 0 0 1 1 1
3775 6 6 826 829 1078 1079 4 2 8 0 0 0 0 1 0 1
242 5 5 370 370 394 398 1 5 5 0 0 0 0 1 0 1
366 5 5 1699 1703 503 503 5 1 5 0 0 0 0 1 0 1
513 5 5 1893 1896 536 537 4 2 8 0 0 0 0 1 0 1
529 5 5 1892 1895 540 541 4 2 8 0 0 0 0 1 0 1
544 5 5 743 744 542 545 2 4 8 0 0 0 0 1 0 1
626 5 5 1200 1201 556 558 2 3 6 0 0 0 0 1 0 1
688 5 5 857 859 563 564 3 2 6 0 0 0 0 1 0 1
690 5 5 1199 1201 563 564 3 2 6 0 0 0 0 1 0 1
702 5 5 1202 1203 565 568 2 4 8 0 0 0 0 1 0 1
713 5 5 1334 1336 567 569 3 3 9 0 0 0 1 1 1 1
725 5 5 1585 1589 569 569 5 1 5 0 0 0 0 1 0 1
765 5 5 819 821 577 578 3 2 6 0 0 0 0 1 0 1
788 5 5 872 876 582 582 5 1 5 0 0 0 0 1 0 1
811 5 5 779 781 585 586 3 2 6 0 0 0 0 1 0 1
910 5 5 914 916 595 597 3 3 9 0 0 0 1 1 1 1
917 5 5 1682 1683 595 597 2 3 6 0 0 0 0 1 0 1
1134 5 5 785 788 621 622 4 2 8 0 0 0 0 1 0 1
1192 5 5 270 272 629 630 3 2 6 0 0 0 0 1 0 1
1231 5 5 822 826 632 632 5 1 5 0 0 0 0 1 0 1
1267 5 5 793 794 639 641 2 3 6 0 0 0 0 1 0 1
1310 5 5 479 481 644 645 3 2 6 0 0 0 0 1 0 1
1386 5 5 845 849 653 653 5 1 5 0 0 0 0 1 0 1
1406 5 5 1281 1284 654 655 4 2 8 0 0 0 0 1 0 1
1504 5 5 855 858 671 672 4 2 8 0 0 0 0 1 0 1
1510 5 5 1157 1159 671 672 3 2 6 0 0 0 0 1 0 1
1522 5 5 782 784 674 675 3 2 6 0 0 0 0 1 0 1
1585 5 5 1147 1150 682 683 4 2 8 0 0 0 0 1 0 1
1592 5 5 797 798 683 686 2 4 8 0 0 0 0 1 0 1
1613 5 5 958 961 686 687 4 2 8 0 0 0 0 1 0 1
1670 5 5 628 630 701 702 3 2 6 0 0 0 0 1 0 1
1697 5 5 1004 1006 709 710 3 2 6 0 0 0 0 1 0 1
1739 5 5 539 541 731 732 3 2 6 0 0 0 0 1 0 1
1773 5 5 629 631 744 745 3 2 6 0 0 0 0 1 0 1
1781 5 5 360 361 748 751 2 4 8 0 0 0 0 1 0 1
1782 5 5 482 483 749 751 2 3 6 0 0 0 0 1 0 1
1817 5 5 1697 1701 767 767 5 1 5 0 0 0 0 1 0 1
1930 5 5 412 415 845 846 4 2 8 0 0 0 0 1 0 1
1977 5 5 629 631 855 856 3 2 6 0 0 0 0 1 0 1
2083 5 5 1109 1110 874 877 2 4 8 0 0 0 0 1 0 1
2215 5 5 479 481 888 889 3 2 6 0 0 0 0 1 0 1
2386 5 5 1193 1195 901 903 3 3 9 0 0 0 1 1 1 1
2403 5 5 1187 1190 902 903 4 2 8 0 0 0 0 1 0 1
2408 5 5 1434 1436 902 904 3 3 9 0 0 0 1 1 1 1
2590 5 5 347 351 919 919 5 1 5 0 0 0 0 1 0 1
2716 5 5 465 469 931 931 5 1 5 0 0 0 0 1 0 1
2740 5 5 1458 1461 933 934 4 2 8 0 0 0 0 1 0 1
2749 5 5 197 199 934 935 3 2 6 0 0 0 0 1 0 1
2834 5 5 92 94 940 941 3 2 6 0 0 0 0 1 0 1
3054 5 5 1712 1715 954 955 4 2 8 0 0 0 0 1 0 1
3146 5 5 808 810 985 987 3 3 9 0 0 0 1 1 1 1
3282 5 5 1167 1169 1015 1016 3 2 6 0 0 0 0 1 0 1
3323 5 5 437 437 1025 1029 1 5 5 0 0 0 0 1 0 1
3376 5 5 677 680 1034 1035 4 2 8 0 0 0 0 1 0 1
3495 5 5 882 883 1045 1047 2 3 6 0 0 0 0 1 0 1
3702 5 5 229 230 1070 1072 2 3 6 0 0 0 0 1 0 1
3732 5 5 1714 1715 1071 1074 2 4 8 0 0 0 0 1 0 1
3780 5 5 1898 1900 1078 1079 3 2 6 0 0 0 0 1 0 1
211 4 4 1004 1006 317 318 3 2 6 0 0 0 0 1 0 1
326 4 4 1187 1188 486 488 2 3 6 0 0 0 0 1 0 1
327 4 4 1202 1205 486 486 4 1 4 0 0 0 0 1 0 1
332 4 4 1503 1505 488 489 3 2 6 0 0 0 0 1 0 1
421 4 4 15 15 520 523 1 4 4 0 0 0 0 1 0 1
440 4 4 46 47 525 527 2 3 6 0 0 0 0 1 0 1
448 4 4 1185 1188 525 525 4 1 4 0 0 0 0 1 0 1
480 4 4 1171 1172 529 530 2 2 4 0 0 0 1 1 0 1
543 4 4 555 556 542 544 2 3 6 0 0 0 0 1 0 1
576 4 4 0 1 548 549 2 2 4 0 0 0 1 1 0 1
681 4 4 1682 1683 562 564 2 3 6 0 0 0 0 1 0 1
757 4 4 116 119 576 576 4 1 4 0 0 0 0 1 0 1
777 4 4 788 791 580 580 4 1 4 0 0 0 0 1 0 1
815 4 4 1528 1531 585 585 4 1 4 0 0 0 0 1 0 1
820 4 4 1123 1126 586 586 4 1 4 0 0 0 0 1 0 1
927 4 4 1667 1668 596 597 2 2 4 0 0 0 1 1 0 1
1014 4 4 1133 1136 607 607 4 1 4 0 0 0 0 1 0 1
1025 4 4 750 751 608 609 2 2 4 0 0 0 1 1 0 1
1092 4 4 1343 1346 617 617 4 1 4 0 0 0 0 1 0 1
1107 4 4 259 260 619 620 2 2 4 0 0 0 1 1 0 1
1324 4 4 384 385 646 647 2 2 4 0 0 0 1 1 0 1
1338 4 4 1320 1321 647 648 2 2 4 0 0 0 1 1 0 1
1354 4 4 820 823 650 650 4 1 4 0 0 0 0 1 0 1
1412 4 4 797 798 655 657 2 3 6 0 0 0 0 1 0 1
1459 4 4 737 738 664 665 2 2 4 0 0 0 1 1 0 1
1464 4 4 1262 1263 664 665 2 2 4 0 0 0 1 1 0 1
1496 4 4 677 678 669 670 2 2 4 0 0 0 1 1 0 1
1626 4 4 722 723 688 689 2 2 4 0 0 0 1 1 0 1
1630 4 4 1235 1236 688 689 2 2 4 0 0 0 1 1 0 1
1634 4 4 1251 1251 689 692 1 4 4 0 0 0 0 1 0 1
1650 4 4 847 850 694 694 4 1 4 0 0 0 0 1 0 1
1684 4 4 786 788 704 705 3 2 6 0 0 0 0 1 0 1
1702 4 4 1395 1396 710 712 2 3 6 0 0 0 0 1 0 1
1723 4 4 731 734 721 721 4 1 4 0 0 0 0 1 0 1
1747 4 4 621 624 732 732 4 1 4 0 0 0 0 1 0 1
1750 4 4 1394 1395 734 735 2 2 4 0 0 0 1 1 0 1
1803 4 4 514 517 759 759 4 1 4 0 0 0 0 1 0 1
1828 4 4 618 619 776 777 2 2 4 0 0 0 1 1 0 1
1860 4 4 1682 1684 809 810 3 2 6 0 0 0 0 1 0 1
1866 4 4 1532 1534 821 822 3 2 6 0 0 0 0 1 0 1
1917 4 4 146 147 842 843 2 2 4 0 0 0 1 1 0 1
1947 4 4 1499 1501 848 849 3 2 6 0 0 0 0 1 0 1
1999 4 4 1501 1501 857 860 1 4 4 0 0 0 0 1 0 1
2033 4 4 1198 1201 867 867 4 1 4 0 0 0 0 1 0 1
2038 4 4 644 645 868 869 2 2 4 0 0 0 1 1 0 1
2124 4 4 562 565 878 878 4 1 4 0 0 0 0 1 0 1
2154 4 4 897 900 880 880 4 1 4 0 0 0 0 1 0 1
2218 4 4 870 871 888 889 2 2 4 0 0 0 1 1 0 1
2258 4 4 1141 1142 891 893 2 3 6 0 0 0 0 1 0 1
2266 4 4 1482 1484 891 892 3 2 6 0 0 0 0 1 0 1
2269 4 4 21 22 892 893 2 2 4 0 0 0 1 1 0 1
2273 4 4 467 467 892 895 1 4 4 0 0 0 0 1 0 1
2274 4 4 515 516 892 893 2 2 4 0 0 0 1 1 0 1
2325 4 4 43 46 897 897 4 1 4 0 0 0 0 1 0 1
2377 4 4 1802 1804 900 901 3 2 6 0 0 0 0 1 0 1
2536 4 4 1637 1640 914 914 4 1 4 0 0 0 0 1 0 1
2569 4 4 209 211 918 919 3 2 6 0 0 0 0 1 0 1
2581 4 4 1510 1512 918 919 3 2 6 0 0 0 0 1 0 1
2621 4 4 77 78 922 923 2 2 4 0 0 0 1 1 0 1
2671 4 4 188 189 927 929 2 3 6 0 0 0 0 1 0 1
2736 4 4 660 662 933 934 3 2 6 0 0 0 0 1 0 1
2769 4 4 341 342 935 936 2 2 4 0 0 0 1 1 0 1
2790 4 4 698 699 936 937 2 2 4 0 0 0 1 1 0 1
2800 4 4 1681 1684 936 936 4 1 4 0 0 0 0 1 0 1
3255 4 4 392 393 1010 1011 2 2 4 0 0 0 1 1 0 1
3337 4 4 31 31 1029 1032 1 4 4 0 0 0 0 1 0 1
3348 4 4 556 556 1030 1033 1 4 4 0 0 0 0 1 0 1
3516 4 4 1742 1745 1047 1047 4 1 4 0 0 0 0 1 0 1
3601 4 4 340 342 1057 1058 3 2 6 0 0 0 0 1 0 1
3613 4 4 1872 1875 1058 1058 4 1 4 0 0 0 0 1 0 1
3760 4 4 1712 1712 1075 1078 1 4 4 0 0 0 0 1 0 1
270 3 3 1573 1574 435 436 2 2 4 0 0 0 1 1 0 1
284 3 3 363 363 444 446 1 3 3 0 0 0 0 1 0 1
289 3 3 1548 1548 460 462 1 3 3 0 0 0 0 1 0 1
317 3 3 1895 1896 480 481 2 2 4 0 0 0 1 1 0 1
328 3 3 1559 1561 486 486 3 1 3 0 0 0 0 1 0 1
334 3 3 775 775 489 491 1 3 3 0 0 0 0 1 0 1
376 3 3 108 109 508 509 2 2 4 0 0 0 1 1 0 1
414 3 3 1774 1776 518 518 3 1 3 0 0 0 0 1 0 1
463 3 3 1207 1209 527 527 3 1 3 0 0 0 0 1 0 1
533 3 3 407 408 541 542 2 2 4 0 0 0 1 1 0 1
577 3 3 347 348 548 549 2 2 4 0 0 0 1 1 0 1
781 3 3 812 814 581 581 3 1 3 0 0 0 0 1 0 1
825 3 3 1515 1516 586 587 2 2 4 0 0 0 1 1 0 1
854 3 3 1787 1788 588 589 2 2 4 0 0 0 1 1 0 1
866 3 3 974 976 590 590 3 1 3 0 0 0 0 1 0 1
876 3 3 1757 1758 591 592 2 2 4 0 0 0 1 1 0 1
895 3 3 921 923 594 594 3 1 3 0 0 0 0 1 0 1
896 3 3 977 979 594 594 3 1 3 0 0 0 0 1 0 1
959 3 3 263 264 602 603 2 2 4 0 0 0 1 1 0 1
964 3 3 1235 1236 602 603 2 2 4 0 0 0 1 1 0 1
1105 3 3 1695 1696 618 619 2 2 4 0 0 0 1 1 0 1
1190 3 3 1584 1584 628 630 1 3 3 0 0 0 0 1 0 1
1198 3 3 1292 1292 629 631 1 3 3 0 0 0 0 1 0 1
1211 3 3 1455 1456 630 631 2 2 4 0 0 0 1 1 0 1
1229 3 3 773 774 632 633 2 2 4 0 0 0 1 1 0 1
1311 3 3 527 529 644 644 3 1 3 0 0 0 0 1 0 1
1326 3 3 464 466 646 646 3 1 3 0 0 0 0 1 0 1
1328 3 3 542 543 646 647 2 2 4 0 0 0 1 1 0 1
1336 3 3 916 916 647 649 1 3 3 0 0 0 0 1 0 1
1341 3 3 942 944 648 648 3 1 3 0 0 0 0 1 0 1
1409 3 3 1365 1366 654 655 2 2 4 0 0 0 1 1 0 1
1428 3 3 750 751 657 658 2 2 4 0 0 0 1 1 0 1
1431 3 3 576 577 658 659 2 2 4 0 0 0 1 1 0 1
1435 3 3 1290 1291 658 659 2 2 4 0 0 0 1 1 0 1
1449 3 3 1294 1295 661 662 2 2 4 0 0 0 1 1 0 1
1462 3 3 856 857 664 665 2 2 4 0 0 0 1 1 0 1
1511 3 3 706 708 672 672 3 1 3 0 0 0 0 1 0 1
1542 3 3 894 896 677 677 3 1 3 0 0 0 0 1 0 1
1595 3 3 1143 1145 683 683 3 1 3 0 0 0 0 1 0 1
1614 3 3 1380 1381 686 687 2 2 4 0 0 0 1 1 0 1
1643 3 3 897 899 691 691 3 1 3 0 0 0 0 1 0 1
1734 3 3 551 552 729 730 2 2 4 0 0 0 1 1 0 1
1743 3 3 1397 1398 731 732 2 2 4 0 0 0 1 1 0 1
1765 3 3 425 426 742 743 2 2 4 0 0 0 1 1 0 1
1805 3 3 542 544 762 762 3 1 3 0 0 0 0 1 0 1
1815 3 3 497 499 767 767 3 1 3 0 0 0 0 1 0 1
1819 3 3 1229 1231 768 768 3 1 3 0 0 0 0 1 0 1
1850 3 3 588 590 788 788 3 1 3 0 0 0 0 1 0 1
1873 3 3 1659 1660 831 832 2 2 4 0 0 0 1 1 0 1
2010 3 3 400 401 862 863 2 2 4 0 0 0 1 1 0 1
2156 3 3 1082 1084 880 880 3 1 3 0 0 0 0 1 0 1
2245 3 3 66 67 891 892 2 2 4 0 0 0 1 1 0 1
2250 3 3 494 496 891 891 3 1 3 0 0 0 0 1 0 1
2355 3 3 455 456 899 900 2 2 4 0 0 0 1 1 0 1
2398 3 3 733 735 902 902 3 1 3 0 0 0 0 1 0 1
2444 3 3 342 343 907 908 2 2 4 0 0 0 1 1 0 1
2455 3 3 335 337 908 908 3 1 3 0 0 0 0 1 0 1
2469 3 3 1382 1384 909 909 3 1 3 0 0 0 0 1 0 1
2526 3 3 60 61 914 915 2 2 4 0 0 0 1 1 0 1
2547 3 3 1443 1445 916 916 3 1 3 0 0 0 0 1 0 1
2595 3 3 1568 1570 919 919 3 1 3 0 0 0 0 1 0 1
2632 3 3 209 210 923 924 2 2 4 0 0 0 1 1 0 1
2642 3 3 1532 1534 923 923 3 1 3 0 0 0 0 1 0 1
2656 3 3 109 111 925 925 3 1 3 0 0 0 0 1 0 1
2660 3 3 1080 1081 925 926 2 2 4 0 0 0 1 1 0 1
2797 3 3 1372 1374 936 936 3 1 3 0 0 0 0 1 0 1
2813 3 3 232 233 938 939 2 2 4 0 0 0 1 1 0 1
2816 3 3 700 701 938 939 2 2 4 0 0 0 1 1 0 1
2878 3 3 12 13 943 944 2 2 4 0 0 0 1 1 0 1
2973 3 3 1799 1801 946 946 3 1 3 0 0 0 0 1 0 1
3006 3 3 1562 1564 949 949 3 1 3 0 0 0 0 1 0 1
3077 3 3 1859 1861 959 959 3 1 3 0 0 0 0 1 0 1
3105 3 3 1892 1894 970 970 3 1 3 0 0 0 0 1 0 1
3188 3 3 1901 1901 997 999 1 3 3 0 0 0 0 1 0 1
3244 3 3 548 549 1008 1009 2 2 4 0 0 0 1 1 0 1
3272 3 3 1315 1316 1014 1015 2 2 4 0 0 0 1 1 0 1
3279 3 3 47 49 1015 1015 3 1 3 0 0 0 0 1 0 1
3281 3 3 1162 1163 1015 1016 2 2 4 0 0 0 1 1 0 1
3295 3 3 29 30 1019 1020 2 2 4 0 0 0 1 1 0 1
3497 3 3 1659 1659 1045 1047 1 3 3 0 0 0 0 1 0 1
3688 3 3 258 259 1068 1069 2 2 4 0 0 0 1 1 0 1
3695 3 3 816 818 1069 1069 3 1 3 0 0 0 0 1 0 1
3745 3 3 737 738 1072 1073 2 2 4 0 0 0 1 1 0 1
76 2 2 482 483 82 82 2 1 2 0 0 0 0 1 0 1
147 2 2 1788 1789 169 169 2 1 2 0 0 0 0 1 0 1
238 2 2 1909 1910 389 389 2 1 2 0 0 0 0 1 0 1
322 2 2 1201 1201 484 485 1 2 2 0 0 0 0 1 0 1
353 2 2 1559 1559 498 499 1 2 2 0 0 0 0 1 0 1
356 2 2 224 224 500 501 1 2 2 0 0 0 0 1 0 1
369 2 2 1711 1711 506 507 1 2 2 0 0 0 0 1 0 1
431 2 2 1218 1219 522 522 2 1 2 0 0 0 0 1 0 1
449 2 2 1197 1198 525 525 2 1 2 0 0 0 0 1 0 1
515 2 2 610 611 537 537 2 1 2 0 0 0 0 1 0 1
524 2 2 1758 1758 538 539 1 2 2 0 0 0 0 1 0 1
525 2 2 1763 1763 538 539 1 2 2 0 0 0 0 1 0 1
535 2 2 468 469 541 541 2 1 2 0 0 0 0 1 0 1
536 2 2 587 588 541 541 2 1 2 0 0 0 0 1 0 1
601 2 2 737 737 551 552 1 2 2 0 0 0 0 1 0 1
653 2 2 1119 1120 559 559 2 1 2 0 0 0 0 1 0 1
723 2 2 140 141 569 569 2 1 2 0 0 0 0 1 0 1
726 2 2 1601 1602 569 569 2 1 2 0 0 0 0 1 0 1
741 2 2 887 887 573 574 1 2 2 0 0 0 0 1 0 1
742 2 2 1116 1117 573 573 2 1 2 0 0 0 0 1 0 1
785 2 2 735 736 582 582 2 1 2 0 0 0 0 1 0 1
786 2 2 817 818 582 582 2 1 2 0 0 0 0 1 0 1
806 2 2 844 845 584 584 2 1 2 0 0 0 0 1 0 1
845 2 2 1681 1681 587 588 1 2 2 0 0 0 0 1 0 1
881 2 2 1395 1396 592 592 2 1 2 0 0 0 0 1 0 1
882 2 2 1479 1480 592 592 2 1 2 0 0 0 0 1 0 1
887 2 2 709 710 593 593 2 1 2 0 0 0 0 1 0 1
905 2 2 1487 1488 594 594 2 1 2 0 0 0 0 1 0 1
951 2 2 1198 1199 600 600 2 1 2 0 0 0 0 1 0 1
1048 2 2 1097 1098 610 610 2 1 2 0 0 0 0 1 0 1
1091 2 2 1117 1118 617 617 2 1 2 0 0 0 0 1 0 1
1101 2 2 1341 1342 618 618 2 1 2 0 0 0 0 1 0 1
1108 2 2 271 271 619 620 1 2 2 0 0 0 0 1 0 1
1119 2 2 1682 1682 619 620 1 2 2 0 0 0 0 1 0 1
1142 2 2 1373 1373 621 622 1 2 2 0 0 0 0 1 0 1
1204 2 2 422 422 630 631 1 2 2 0 0 0 0 1 0 1
1252 2 2 1116 1117 636 636 2 1 2 0 0 0 0 1 0 1
1256 2 2 165 166 637 637 2 1 2 0 0 0 0 1 0 1
1293 2 2 195 196 642 642 2 1 2 0 0 0 0 1 0 1
1295 2 2 791 791 642 643 1 2 2 0 0 0 0 1 0 1
1296 2 2 796 796 642 643 1 2 2 0 0 0 0 1 0 1
1312 2 2 540 541 644 644 2 1 2 0 0 0 0 1 0 1
1313 2 2 797 797 644 645 1 2 2 0 0 0 0 1 0 1
1355 2 2 827 828 650 650 2 1 2 0 0 0 0 1 0 1
1385 2 2 835 836 653 653 2 1 2 0 0 0 0 1 0 1
1408 2 2 1361 1362 654 654 2 1 2 0 0 0 0 1 0 1
1444 2 2 871 871 660 661 1 2 2 0 0 0 0 1 0 1
1456 2 2 707 708 663 663 2 1 2 0 0 0 0 1 0 1
1468 2 2 632 633 665 665 2 1 2 0 0 0 0 1 0 1
1480 2 2 851 852 666 666 2 1 2 0 0 0 0 1 0 1
1581 2 2 887 887 682 683 1 2 2 0 0 0 0 1 0 1
1627 2 2 992 992 688 689 1 2 2 0 0 0 0 1 0 1
1641 2 2 619 620 691 691 2 1 2 0 0 0 0 1 0 1
1645 2 2 617 618 692 692 2 1 2 0 0 0 0 1 0 1
1648 2 2 1200 1201 692 692 2 1 2 0 0 0 0 1 0 1
1658 2 2 1396 1396 697 698 1 2 2 0 0 0 0 1 0 1
1712 2 2 1277 1278 713 713 2 1 2 0 0 0 0 1 0 1
1722 2 2 401 401 721 722 1 2 2 0 0 0 0 1 0 1
1724 2 2 1110 1111 721 721 2 1 2 0 0 0 0 1 0 1
1727 2 2 1091 1092 722 722 2 1 2 0 0 0 0 1 0 1
1783 2 2 520 520 749 750 1 2 2 0 0 0 0 1 0 1
1790 2 2 505 506 752 752 2 1 2 0 0 0 0 1 0 1
1791 2 2 622 622 753 754 1 2 2 0 0 0 0 1 0 1
1794 2 2 361 361 754 755 1 2 2 0 0 0 0 1 0 1
1801 2 2 457 457 757 758 1 2 2 0 0 0 0 1 0 1
1802 2 2 646 646 758 759 1 2 2 0 0 0 0 1 0 1
1814 2 2 452 453 767 767 2 1 2 0 0 0 0 1 0 1
1818 2 2 481 482 768 768 2 1 2 0 0 0 0 1 0 1
1832 2 2 377 378 777 777 2 1 2 0 0 0 0 1 0 1
1846 2 2 1303 1303 787 788 1 2 2 0 0 0 0 1 0 1
1848 2 2 354 354 788 789 1 2 2 0 0 0 0 1 0 1
1849 2 2 385 386 788 788 2 1 2 0 0 0 0 1 0 1
1851 2 2 1514 1515 788 788 2 1 2 0 0 0 0 1 0 1
1867 2 2 1543 1544 822 822 2 1 2 0 0 0 0 1 0 1
1868 2 2 1593 1594 825 825 2 1 2 0 0 0 0 1 0 1
1876 2 2 1613 1614 833 833 2 1 2 0 0 0 0 1 0 1
1884 2 2 310 311 835 835 2 1 2 0 0 0 0 1 0 1
1913 2 2 1488 1489 841 841 2 1 2 0 0 0 0 1 0 1
1927 2 2 676 676 844 845 1 2 2 0 0 0 0 1 0 1
1928 2 2 1682 1683 844 844 2 1 2 0 0 0 0 1 0 1
1941 2 2 1445 1446 846 846 2 1 2 0 0 0 0 1 0 1
1959 2 2 1365 1366 850 850 2 1 2 0 0 0 0 1 0 1
2027 2 2 396 396 866 867 1 2 2 0 0 0 0 1 0 1
2070 2 2 406 407 873 873 2 1 2 0 0 0 0 1 0 1
2103 2 2 1366 1366 876 877 1 2 2 0 0 0 0 1 0 1
2142 2 2 567 568 879 879 2 1 2 0 0 0 0 1 0 1
2157 2 2 1184 1185 880 880 2 1 2 0 0 0 0 1 0 1
2162 2 2 1153 1153 881 882 1 2 2 0 0 0 0 1 0 1
2187 2 2 1255 1255 885 886 1 2 2 0 0 0 0 1 0 1
2242 2 2 1320 1321 890 890 2 1 2 0 0 0 0 1 0 1
2271 2 2 261 262 892 892 2 1 2 0 0 0 0 1 0 1
2275 2 2 683 684 892 892 2 1 2 0 0 0 0 1 0 1
2282 2 2 61 62 893 893 2 1 2 0 0 0 0 1 0 1
2287 2 2 345 346 893 893 2 1 2 0 0 0 0 1 0 1
2329 2 2 496 496 897 898 1 2 2 0 0 0 0 1 0 1
2334 2 2 1448 1449 897 897 2 1 2 0 0 0 0 1 0 1
2343 2 2 702 703 898 898 2 1 2 0 0 0 0 1 0 1
2369 2 2 493 494 900 900 2 1 2 0 0 0 0 1 0 1
2450 2 2 909 910 907 907 2 1 2 0 0 0 0 1 0 1
2459 2 2 505 506 908 908 2 1 2 0 0 0 0 1 0 1
2474 2 2 1368 1369 910 910 2 1 2 0 0 0 0 1 0 1
2493 2 2 435 436 912 912 2 1 2 0 0 0 0 1 0 1
2504 2 2 392 393 913 913 2 1 2 0 0 0 0 1 0 1
2541 2 2 1857 1858 915 915 2 1 2 0 0 0 0 1 0 1
2545 2 2 948 949 916 916 2 1 2 0 0 0 0 1 0 1
2565 2 2 1400 1401 917 917 2 1 2 0 0 0 0 1 0 1
2582 2 2 1606 1606 918 919 1 2 2 0 0 0 0 1 0 1
2591 2 2 356 357 919 919 2 1 2 0 0 0 0 1 0 1
2629 2 2 2 3 923 923 2 1 2 0 0 0 0 1 0 1
2637 2 2 1035 1036 923 923 2 1 2 0 0 0 0 1 0 1
2638 2 2 1440 1440 923 924 1 2 2 0 0 0 0 1 0 1
2652 2 2 878 879 924 924 2 1 2 0 0 0 0 1 0 1
2663 2 2 474 475 926 926 2 1 2 0 0 0 0 1 0 1
2675 2 2 1634 1635 927 927 2 1 2 0 0 0 0 1 0 1
2713 2 2 12 13 931 931 2 1 2 0 0 0 0 1 0 1
2751 2 2 304 304 934 935 1 2 2 0 0 0 0 1 0 1
2789 2 2 454 455 936 936 2 1 2 0 0 0 0 1 0 1
2811 2 2 97 97 938 939 1 2 2 0 0 0 0 1 0 1
2814 2 2 282 283 938 938 2 1 2 0 0 0 0 1 0 1
2815 2 2 369 370 938 938 2 1 2 0 0 0 0 1 0 1
2824 2 2 509 509 939 940 1 2 2 0 0 0 0 1 0 1
2829 2 2 1352 1353 939 939 2 1 2 0 0 0 0 1 0 1
2833 2 2 85 86 940 940 2 1 2 0 0 0 0 1 0 1
2836 2 2 462 463 940 940 2 1 2 0 0 0 0 1 0 1
2876 2 2 1432 1433 942 942 2 1 2 0 0 0 0 1 0 1
2943 2 2 99 100 945 945 2 1 2 0 0 0 0 1 0 1
2960 2 2 79 80 946 946 2 1 2 0 0 0 0 1 0 1
2961 2 2 163 164 946 946 2 1 2 0 0 0 0 1 0 1
3007 2 2 1619 1619 949 950 1 2 2 0 0 0 0 1 0 1
3031 2 2 1635 1636 951 951 2 1 2 0 0 0 0 1 0 1
3090 2 2 1817 1817 963 964 1 2 2 0 0 0 0 1 0 1
3102 2 2 831 832 970 970 2 1 2 0 0 0 0 1 0 1
3210 2 2 787 788 1003 1003 2 1 2 0 0 0 0 1 0 1
3223 2 2 915 916 1004 1004 2 1 2 0 0 0 0 1 0 1
3227 2 2 549 550 1005 1005 2 1 2 0 0 0 0 1 0 1
3230 2 2 542 543 1006 1006 2 1 2 0 0 0 0 1 0 1
3242 2 2 331 331 1008 1009 1 2 2 0 0 0 0 1 0 1
3258 2 2 162 162 1012 1013 1 2 2 0 0 0 0 1 0 1
3280 2 2 61 62 1015 1015 2 1 2 0 0 0 0 1 0 1
3287 2 2 615 616 1016 1016 2 1 2 0 0 0 0 1 0 1
3321 2 2 61 62 1025 1025 2 1 2 0 0 0 0 1 0 1
3325 2 2 1176 1177 1025 1025 2 1 2 0 0 0 0 1 0 1
3332 2 2 23 24 1027 1027 2 1 2 0 0 0 0 1 0 1
3355 2 2 444 445 1031 1031 2 1 2 0 0 0 0 1 0 1
3370 2 2 10 11 1034 1034 2 1 2 0 0 0 0 1 0 1
3377 2 2 481 481 1035 1036 1 2 2 0 0 0 0 1 0 1
3379 2 2 1622 1623 1035 1035 2 1 2 0 0 0 0 1 0 1
3404 2 2 65 66 1037 1037 2 1 2 0 0 0 0 1 0 1
3425 2 2 1762 1763 1037 1037 2 1 2 0 0 0 0 1 0 1
3461 2 2 410 411 1042 1042 2 1 2 0 0 0 0 1 0 1
3489 2 2 1652 1653 1044 1044 2 1 2 0 0 0 0 1 0 1
3498 2 2 1681 1681 1045 1046 1 2 2 0 0 0 0 1 0 1
3513 2 2 1663 1664 1047 1047 2 1 2 0 0 0 0 1 0 1
3514 2 2 1689 1690 1047 1047 2 1 2 0 0 0 0 1 0 1
3531 2 2 1066 1066 1048 1049 1 2 2 0 0 0 0 1 0 1
3611 2 2 1799 1800 1058 1058 2 1 2 0 0 0 0 1 0 1
3641 2 2 1858 1859 1060 1060 2 1 2 0 0 0 0 1 0 1
3676 2 2 827 827 1066 1067 1 2 2 0 0 0 0 1 0 1
3686 2 2 242 242 1068 1069 1 2 2 0 0 0 0 1 0 1
3699 2 2 906 907 1069 1069 2 1 2 0 0 0 0 1 0 1
3700 2 2 975 976 1069 1069 2 1 2 0 0 0 0 1 0 1
3733 2 2 1772 1772 1071 1072 1 2 2 0 0 0 0 1 0 1
3747 2 2 1424 1425 1072 1072 2 1 2 0 0 0 0 1 0 1
3779 2 2 1786 1786 1078 1079 1 2 2 0 0 0 0 1 0 1
3785 2 2 834 835 1079 1079 2 1 2 0 0 0 0 1 0 1
21 1 1 1891 1891 46 46 1 1 1 0 0 0 1 1 0 1
149 1 1 1787 1787 170 170 1 1 1 0 0 0 1 1 0 1
226 1 1 375 375 359 359 1 1 1 0 0 0 1 1 0 1
250 1 1 379 379 401 401 1 1 1 0 0 0 1 1 0 1
254 1 1 369 369 407 407 1 1 1 0 0 0 1 1 0 1
256 1 1 368 368 409 409 1 1 1 0 0 0 1 1 0 1
262 1 1 365 365 426 426 1 1 1 0 0 0 1 1 0 1
276 1 1 1578 1578 439 439 1 1 1 0 0 0 1 1 0 1
277 1 1 1590 1590 439 439 1 1 1 0 0 0 1 1 0 1
301 1 1 1522 1522 470 470 1 1 1 0 0 0 1 1 0 1
306 1 1 1527 1527 472 472 1 1 1 0 0 0 1 1 0 1
307 1 1 1532 1532 472 472 1 1 1 0 0 0 1 1 0 1
308 1 1 1547 1547 473 473 1 1 1 0 0 0 1 1 0 1
323 1 1 1768 1768 484 484 1 1 1 0 0 0 1 1 0 1
329 1 1 1765 1765 486 486 1 1 1 0 0 0 1 1 0 1
331 1 1 1502 1502 487 487 1 1 1 0 0 0 1 1 0 1
340 1 1 1550 1550 493 493 1 1 1 0 0 0 1 1 0 1
342 1 1 1549 1549 494 494 1 1 1 0 0 0 1 1 0 1
343 1 1 1660 1660 494 494 1 1 1 0 0 0 1 1 0 1
345 1 1 354 354 495 495 1 1 1 0 0 0 1 1 0 1
361 1 1 1661 1661 501 501 1 1 1 0 0 0 1 1 0 1
363 1 1 1815 1815 502 502 1 1 1 0 0 0 1 1 0 1
373 1 1 1682 1682 507 507 1 1 1 0 0 0 1 1 0 1
379 1 1 271 271 509 509 1 1 1 0 0 0 1 1 0 1
405 1 1 1238 1238 516 516 1 1 1 0 0 0 1 1 0 1
408 1 1 1239 1239 517 517 1 1 1 0 0 0 1 1 0 1
411 1 1 219 219 518 518 1 1 1 0 0 0 1 1 0 1
413 1 1 1765 1765 518 518 1 1 1 0 0 0 1 1 0 1
416 1 1 55 55 519 519 1 1 1 0 0 0 1 1 0 1
436 1 1 57 57 524 524 1 1 1 0 0 0 1 1 0 1
443 1 1 239 239 525 525 1 1 1 0 0 0 1 1 0 1
450 1 1 107 107 526 526 1 1 1 0 0 0 1 1 0 1
453 1 1 1206 1206 526 526 1 1 1 0 0 0 1 1 0 1
457 1 1 218 218 527 527 1 1 1 0 0 0 1 1 0 1
467 1 1 81 81 528 528 1 1 1 0 0 0 1 1 0 1
474 1 1 57 57 529 529 1 1 1 0 0 0 1 1 0 1
477 1 1 274 274 529 529 1 1 1 0 0 0 1 1 0 1
486 1 1 62 62 531 531 1 1 1 0 0 0 1 1 0 1
487 1 1 74 74 531 531 1 1 1 0 0 0 1 1 0 1
512 1 1 1762 1762 536 536 1 1 1 0 0 0 1 1 0 1
530 1 1 65 65 541 541 1 1 1 0 0 0 1 1 0 1
593 1 1 551 551 550 550 1 1 1 0 0 0 1 1 0 1
608 1 1 1172 1172 552 552 1 1 1 0 0 0 1 1 0 1
613 1 1 565 565 553 553 1 1 1 0 0 0 1 1 0 1
618 1 1 511 511 554 554 1 1 1 0 0 0 1 1 0 1
619 1 1 568 568 554 554 1 1 1 0 0 0 1 1 0 1
621 1 1 1708 1708 554 554 1 1 1 0 0 0 1 1 0 1
643 1 1 963 963 558 558 1 1 1 0 0 0 1 1 0 1
697 1 1 1577 1577 564 564 1 1 1 0 0 0 1 1 0 1
715 1 1 139 139 568 568 1 1 1 0 0 0 1 1 0 1
727 1 1 1606 1606 569 569 1 1 1 0 0 0 1 1 0 1
746 1 1 812 812 574 574 1 1 1 0 0 0 1 1 0 1
751 1 1 1756 1756 574 574 1 1 1 0 0 0 1 1 0 1
753 1 1 816 816 575 575 1 1 1 0 0 0 1 1 0 1
760 1 1 696 696 576 576 1 1 1 0 0 0 1 1 0 1
769 1 1 780 780 578 578 1 1 1 0 0 0 1 1 0 1
775 1 1 41 41 580 580 1 1 1 0 0 0 1 1 0 1
818 1 1 842 842 586 586 1 1 1 0 0 0 1 1 0 1
819 1 1 1081 1081 586 586 1 1 1 0 0 0 1 1 0 1
830 1 1 696 696 587 587 1 1 1 0 0 0 1 1 0 1
831 1 1 734 734 587 587 1 1 1 0 0 0 1 1 0 1
833 1 1 900 900 587 587 1 1 1 0 0 0 1 1 0 1
842 1 1 1478 1478 587 587 1 1 1 0 0 0 1 1 0 1
844 1 1 1666 1666 587 587 1 1 1 0 0 0 1 1 0 1
850 1 1 1162 1162 588 588 1 1 1 0 0 0 1 1 0 1
878 1 1 736 736 592 592 1 1 1 0 0 0 1 1 0 1
883 1 1 1489 1489 592 592 1 1 1 0 0 0 1 1 0 1
890 1 1 1037 1037 593 593 1 1 1 0 0 0 1 1 0 1
893 1 1 116 116 594 594 1 1 1 0 0 0 1 1 0 1
946 1 1 1191 1191 599 599 1 1 1 0 0 0 1 1 0 1
979 1 1 1187 1187 603 603 1 1 1 0 0 0 1 1 0 1
984 1 1 265 265 604 604 1 1 1 0 0 0 1 1 0 1
988 1 1 994 994 604 604 1 1 1 0 0 0 1 1 0 1
1021 1 1 256 256 608 608 1 1 1 0 0 0 1 1 0 1
1059 1 1 1322 1322 611 611 1 1 1 0 0 0 1 1 0 1
1069 1 1 1328 1328 613 613 1 1 1 0 0 0 1 1 0 1
1075 1 1 1093 1093 614 614 1 1 1 0 0 0 1 1 0 1
1077 1 1 1325 1325 614 614 1 1 1 0 0 0 1 1 0 1
1093 1 1 1361 1361 617 617 1 1 1 0 0 0 1 1 0 1
1100 1 1 1328 1328 618 618 1 1 1 0 0 0 1 1 0 1
1117 1 1 1363 1363 619 619 1 1 1 0 0 0 1 1 0 1
1127 1 1 1364 1364 620 620 1 1 1 0 0 0 1 1 0 1
1138 1 1 1196 1196 621 621 1 1 1 0 0 0 1 1 0 1
1144 1 1 447 447 622 622 1 1 1 0 0 0 1 1 0 1
1151 1 1 752 752 623 623 1 1 1 0 0 0 1 1 0 1
1152 1 1 1197 1197 623 623 1 1 1 0 0 0 1 1 0 1
1162 1 1 1703 1703 624 624 1 1 1 0 0 0 1 1 0 1
1169 1 1 1359 1359 625 625 1 1 1 0 0 0 1 1 0 1
1171 1 1 1704 1704 625 625 1 1 1 0 0 0 1 1 0 1
1175 1 1 1357 1357 626 626 1 1 1 0 0 0 1 1 0 1
1177 1 1 226 226 627 627 1 1 1 0 0 0 1 1 0 1
1188 1 1 1323 1323 628 628 1 1 1 0 0 0 1 1 0 1
1206 1 1 1145 1145 630 630 1 1 1 0 0 0 1 1 0 1
1208 1 1 1261 1261 630 630 1 1 1 0 0 0 1 1 0 1
1217 1 1 775 775 631 631 1 1 1 0 0 0 1 1 0 1
1218 1 1 1255 1255 631 631 1 1 1 0 0 0 1 1 0 1
1223 1 1 175 175 632 632 1 1 1 0 0 0 1 1 0 1
1230 1 1 784 784 632 632 1 1 1 0 0 0 1 1 0 1
1238 1 1 555 555 633 633 1 1 1 0 0 0 1 1 0 1
1241 1 1 1467 1467 633 633 1 1 1 0 0 0 1 1 0 1
1242 1 1 782 782 634 634 1 1 1 0 0 0 1 1 0 1
1251 1 1 1093 1093 636 636 1 1 1 0 0 0 1 1 0 1
1254 1 1 1313 1313 636 636 1 1 1 0 0 0 1 1 0 1
1258 1 1 544 544 637 637 1 1 1 0 0 0 1 1 0 1
1259 1 1 971 971 637 637 1 1 1 0 0 0 1 1 0 1
1262 1 1 435 435 638 638 1 1 1 0 0 0 1 1 0 1
1266 1 1 445 445 639 639 1 1 1 0 0 0 1 1 0 1
1277 1 1 754 754 640 640 1 1 1 0 0 0 1 1 0 1
1281 1 1 970 970 640 640 1 1 1 0 0 0 1 1 0 1
1282 1 1 1091 1091 640 640 1 1 1 0 0 0 1 1 0 1
1285 1 1 1496 1496 640 640 1 1 1 0 0 0 1 1 0 1
1294 1 1 782 782 642 642 1 1 1 0 0 0 1 1 0 1
1301 1 1 530 530 643 643 1 1 1 0 0 0 1 1 0 1
1309 1 1 1478 1478 643 643 1 1 1 0 0 0 1 1 0 1
1314 1 1 883 883 644 644 1 1 1 0 0 0 1 1 0 1
1319 1 1 1318 1318 645 645 1 1 1 0 0 0 1 1 0 1
1330 1 1 801 801 646 646 1 1 1 0 0 0 1 1 0 1
1334 1 1 568 568 647 647 1 1 1 0 0 0 1 1 0 1
1339 1 1 1477 1477 647 647 1 1 1 0 0 0 1 1 0 1
1343 1 1 1198 1198 648 648 1 1 1 0 0 0 1 1 0 1
1346 1 1 750 750 649 649 1 1 1 0 0 0 1 1 0 1
1348 1 1 1112 1112 649 649 1 1 1 0 0 0 1 1 0 1
1357 1 1 940 940 650 650 1 1 1 0 0 0 1 1 0 1
1361 1 1 1298 1298 650 650 1 1 1 0 0 0 1 1 0 1
1362 1 1 693 693 651 651 1 1 1 0 0 0 1 1 0 1
1364 1 1 856 856 651 651 1 1 1 0 0 0 1 1 0 1
1367 1 1 1052 1052 651 651 1 1 1 0 0 0 1 1 0 1
1388 1 1 874 874 653 653 1 1 1 0 0 0 1 1 0 1
1390 1 1 1011 1011 653 653 1 1 1 0 0 0 1 1 0 1
1393 1 1 1332 1332 653 653 1 1 1 0 0 0 1 1 0 1
1414 1 1 881 881 655 655 1 1 1 0 0 0 1 1 0 1
1443 1 1 841 841 660 660 1 1 1 0 0 0 1 1 0 1
1447 1 1 407 407 661 661 1 1 1 0 0 0 1 1 0 1
1450 1 1 1307 1307 661 661 1 1 1 0 0 0 1 1 0 1
1461 1 1 845 845 664 664 1 1 1 0 0 0 1 1 0 1
1467 1 1 600 600 665 665 1 1 1 0 0 0 1 1 0 1
1469 1 1 661 661 665 665 1 1 1 0 0 0 1 1 0 1
1471 1 1 725 725 665 665 1 1 1 0 0 0 1 1 0 1
1474 1 1 1233 1233 665 665 1 1 1 0 0 0 1 1 0 1
1481 1 1 925 925 666 666 1 1 1 0 0 0 1 1 0 1
1497 1 1 737 737 669 669 1 1 1 0 0 0 1 1 0 1
1500 1 1 853 853 670 670 1 1 1 0 0 0 1 1 0 1
1515 1 1 1396 1396 672 672 1 1 1 0 0 0 1 1 0 1
1526 1 1 614 614 675 675 1 1 1 0 0 0 1 1 0 1
1532 1 1 1046 1046 676 676 1 1 1 0 0 0 1 1 0 1
1533 1 1 1057 1057 676 676 1 1 1 0 0 0 1 1 0 1
1547 1 1 1178 1178 677 677 1 1 1 0 0 0 1 1 0 1
1558 1 1 1282 1282 678 678 1 1 1 0 0 0 1 1 0 1
1563 1 1 1281 1281 679 679 1 1 1 0 0 0 1 1 0 1
1570 1 1 1000 1000 680 680 1 1 1 0 0 0 1 1 0 1
1586 1 1 1171 1171 682 682 1 1 1 0 0 0 1 1 0 1
1593 1 1 838 838 683 683 1 1 1 0 0 0 1 1 0 1
1596 1 1 1170 1170 683 683 1 1 1 0 0 0 1 1 0 1
1605 1 1 612 612 685 685 1 1 1 0 0 0 1 1 0 1
1609 1 1 1067 1067 685 685 1 1 1 0 0 0 1 1 0 1
1621 1 1 1081 1081 687 687 1 1 1 0 0 0 1 1 0 1
1635 1 1 1282 1282 689 689 1 1 1 0 0 0 1 1 0 1
1638 1 1 904 904 690 690 1 1 1 0 0 0 1 1 0 1
1639 1 1 1082 1082 690 690 1 1 1 0 0 0 1 1 0 1
1653 1 1 902 902 696 696 1 1 1 0 0 0 1 1 0 1
1657 1 1 1069 1069 697 697 1 1 1 0 0 0 1 1 0 1
1661 1 1 807 807 698 698 1 1 1 0 0 0 1 1 0 1
1663 1 1 480 480 699 699 1 1 1 0 0 0 1 1 0 1
1672 1 1 355 355 702 702 1 1 1 0 0 0 1 1 0 1
1677 1 1 354 354 703 703 1 1 1 0 0 0 1 1 0 1
1689 1 1 1381 1381 705 705 1 1 1 0 0 0 1 1 0 1
1692 1 1 1393 1393 707 707 1 1 1 0 0 0 1 1 0 1
1709 1 1 811 811 712 712 1 1 1 0 0 0 1 1 0 1
1735 1 1 1119 1119 729 729 1 1 1 0 0 0 1 1 0 1
1736 1 1 483 483 730 730 1 1 1 0 0 0 1 1 0 1
1737 1 1 487 487 730 730 1 1 1 0 0 0 1 1 0 1
1744 1 1 392 392 732 732 1 1 1 0 0 0 1 1 0 1
1746 1 1 601 601 732 732 1 1 1 0 0 0 1 1 0 1
1753 1 1 1442 1442 737 737 1 1 1 0 0 0 1 1 0 1
1768 1 1 541 541 743 743 1 1 1 0 0 0 1 1 0 1
1769 1 1 562 562 743 743 1 1 1 0 0 0 1 1 0 1
1777 1 1 524 524 746 746 1 1 1 0 0 0 1 1 0 1
1785 1 1 490 490 750 750 1 1 1 0 0 0 1 1 0 1
1787 1 1 497 497 751 751 1 1 1 0 0 0 1 1 0 1
1788 1 1 558 558 751 751 1 1 1 0 0 0 1 1 0 1
1789 1 1 481 481 752 752 1 1 1 0 0 0 1 1 0 1
1804 1 1 632 632 761 761 1 1 1 0 0 0 1 1 0 1
1811 1 1 361 361 767 767 1 1 1 0 0 0 1 1 0 1
1820 1 1 1321 1321 768 768 1 1 1 0 0 0 1 1 0 1
1823 1 1 512 512 773 773 1 1 1 0 0 0 1 1 0 1
1824 1 1 621 621 774 774 1 1 1 0 0 0 1 1 0 1
1835 1 1 1277 1277 780 780 1 1 1 0 0 0 1 1 0 1
1839 1 1 352 352 784 784 1 1 1 0 0 0 1 1 0 1
1841 1 1 351 351 785 785 1 1 1 0 0 0 1 1 0 1
1844 1 1 1326 1326 786 786 1 1 1 0 0 0 1 1 0 1
1847 1 1 1516 1516 787 787 1 1 1 0 0 0 1 1 0 1
1852 1 1 1546 1546 788 788 1 1 1 0 0 0 1 1 0 1
1853 1 1 1443 1443 793 793 1 1 1 0 0 0 1 1 0 1
1855 1 1 360 360 798 798 1 1 1 0 0 0 1 1 0 1
1857 1 1 1387 1387 809 809 1 1 1 0 0 0 1 1 0 1
1862 1 1 1685 1685 811 811 1 1 1 0 0 0 1 1 0 1
1865 1 1 1517 1517 821 821 1 1 1 0 0 0 1 1 0 1
1869 1 1 1524 1524 827 827 1 1 1 0 0 0 1 1 0 1
1870 1 1 1588 1588 827 827 1 1 1 0 0 0 1 1 0 1
1871 1 1 1656 1656 828 828 1 1 1 0 0 0 1 1 0 1
1872 1 1 1582 1582 829 829 1 1 1 0 0 0 1 1 0 1
1874 1 1 1666 1666 831 831 1 1 1 0 0 0 1 1 0 1
1875 1 1 1608 1608 833 833 1 1 1 0 0 0 1 1 0 1
1877 1 1 1629 1629 833 833 1 1 1 0 0 0 1 1 0 1
1878 1 1 1709 1709 833 833 1 1 1 0 0 0 1 1 0 1
1885 1 1 315 315 835 835 1 1 1 0 0 0 1 1 0 1
1888 1 1 1500 1500 835 835 1 1 1 0 0 0 1 1 0 1
1897 1 1 318 318 839 839 1 1 1 0 0 0 1 1 0 1
1898 1 1 1494 1494 839 839 1 1 1 0 0 0 1 1 0 1
1907 1 1 1487 1487 840 840 1 1 1 0 0 0 1 1 0 1
1908 1 1 1501 1501 840 840 1 1 1 0 0 0 1 1 0 1
1914 1 1 1498 1498 841 841 1 1 1 0 0 0 1 1 0 1
1938 1 1 408 408 846 846 1 1 1 0 0 0 1 1 0 1
1946 1 1 324 324 848 848 1 1 1 0 0 0 1 1 0 1
1964 1 1 341 341 851 851 1 1 1 0 0 0 1 1 0 1
1988 1 1 1322 1322 856 856 1 1 1 0 0 0 1 1 0 1
1989 1 1 1472 1472 856 856 1 1 1 0 0 0 1 1 0 1
2000 1 1 436 436 858 858 1 1 1 0 0 0 1 1 0 1
2002 1 1 91 91 860 860 1 1 1 0 0 0 1 1 0 1
2009 1 1 241 241 862 862 1 1 1 0 0 0 1 1 0 1
2013 1 1 1431 1431 862 862 1 1 1 0 0 0 1 1 0 1
2028 1 1 1186 1186 866 866 1 1 1 0 0 0 1 1 0 1
2049 1 1 451 451 869 869 1 1 1 0 0 0 1 1 0 1
2055 1 1 1245 1245 870 870 1 1 1 0 0 0 1 1 0 1
2059 1 1 749 749 871 871 1 1 1 0 0 0 1 1 0 1
2074 1 1 285 285 874 874 1 1 1 0 0 0 1 1 0 1
2078 1 1 709 709 874 874 1 1 1 0 0 0 1 1 0 1
2080 1 1 740 740 874 874 1 1 1 0 0 0 1 1 0 1
2116 1 1 621 621 877 877 1 1 1 0 0 0 1 1 0 1
2129 1 1 1091 1091 878 878 1 1 1 0 0 0 1 1 0 1
2130 1 1 1114 1114 878 878 1 1 1 0 0 0 1 1 0 1
2131 1 1 1365 1365 878 878 1 1 1 0 0 0 1 1 0 1
2134 1 1 263 263 879 879 1 1 1 0 0 0 1 1 0 1
2139 1 1 523 523 879 879 1 1 1 0 0 0 1 1 0 1
2141 1 1 541 541 879 879 1 1 1 0 0 0 1 1 0 1
2147 1 1 1516 1516 879 879 1 1 1 0 0 0 1 1 0 1
2155 1 1 1043 1043 880 880 1 1 1 0 0 0 1 1 0 1
2158 1 1 1214 1214 880 880 1 1 1 0 0 0 1 1 0 1
2160 1 1 346 346 881 881 1 1 1 0 0 0 1 1 0 1
2163 1 1 339 339 882 882 1 1 1 0 0 0 1 1 0 1
2167 1 1 871 871 882 882 1 1 1 0 0 0 1 1 0 1
2184 1 1 473 473 885 885 1 1 1 0 0 0 1 1 0 1
2194 1 1 994 994 886 886 1 1 1 0 0 0 1 1 0 1
2203 1 1 690 690 887 887 1 1 1 0 0 0 1 1 0 1
2206 1 1 995 995 887 887 1 1 1 0 0 0 1 1 0 1
2225 1 1 865 865 889 889 1 1 1 0 0 0 1 1 0 1
2229 1 1 1234 1234 889 889 1 1 1 0 0 0 1 1 0 1
2235 1 1 869 869 890 890 1 1 1 0 0 0 1 1 0 1
2243 1 1 20 20 891 891 1 1 1 0 0 0 1 1 0 1
2247 1 1 269 269 891 891 1 1 1 0 0 0 1 1 0 1
2248 1 1 335 335 891 891 1 1 1 0 0 0 1 1 0 1
2251 1 1 514 514 891 891 1 1 1 0 0 0 1 1 0 1
2260 1 1 1156 1156 891 891 1 1 1 0 0 0 1 1 0 1
2286 1 1 339 339 893 893 1 1 1 0 0 0 1 1 0 1
2288 1 1 476 476 893 893 1 1 1 0 0 0 1 1 0 1
2297 1 1 481 481 894 894 1 1 1 0 0 0 1 1 0 1
2300 1 1 1001 1001 894 894 1 1 1 0 0 0 1 1 0 1
2304 1 1 474 474 895 895 1 1 1 0 0 0 1 1 0 1
2319 1 1 1445 1445 896 896 1 1 1 0 0 0 1 1 0 1
2338 1 1 432 432 898 898 1 1 1 0 0 0 1 1 0 1
2341 1 1 648 648 898 898 1 1 1 0 0 0 1 1 0 1
2349 1 1 1460 1460 898 898 1 1 1 0 0 0 1 1 0 1
2352 1 1 1734 1734 898 898 1 1 1 0 0 0 1 1 0 1
2354 1 1 328 328 899 899 1 1 1 0 0 0 1 1 0 1
2368 1 1 1735 1735 899 899 1 1 1 0 0 0 1 1 0 1
2378 1 1 73 73 901 901 1 1 1 0 0 0 1 1 0 1
2385 1 1 1034 1034 901 901 1 1 1 0 0 0 1 1 0 1
2387 1 1 1225 1225 901 901 1 1 1 0 0 0 1 1 0 1
2390 1 1 47 47 902 902 1 1 1 0 0 0 1 1 0 1
2397 1 1 728 728 902 902 1 1 1 0 0 0 1 1 0 1
2400 1 1 1075 1075 902 902 1 1 1 0 0 0 1 1 0 1
2406 1 1 1367 1367 902 902 1 1 1 0 0 0 1 1 0 1
2409 1 1 1473 1473 902 902 1 1 1 0 0 0 1 1 0 1
2417 1 1 430 430 903 903 1 1 1 0 0 0 1 1 0 1
2421 1 1 1856 1856 903 903 1 1 1 0 0 0 1 1 0 1
2423 1 1 1903 1903 904 904 1 1 1 0 0 0 1 1 0 1
2426 1 1 29 29 905 905 1 1 1 0 0 0 1 1 0 1
2427 1 1 52 52 905 905 1 1 1 0 0 0 1 1 0 1
2437 1 1 329 329 906 906 1 1 1 0 0 0 1 1 0 1
2439 1 1 515 515 906 906 1 1 1 0 0 0 1 1 0 1
2449 1 1 892 892 907 907 1 1 1 0 0 0 1 1 0 1
2457 1 1 389 389 908 908 1 1 1 0 0 0 1 1 0 1
2467 1 1 504 504 909 909 1 1 1 0 0 0 1 1 0 1
2481 1 1 542 542 911 911 1 1 1 0 0 0 1 1 0 1
2486 1 1 1037 1037 911 911 1 1 1 0 0 0 1 1 0 1
2502 1 1 56 56 913 913 1 1 1 0 0 0 1 1 0 1
2506 1 1 583 583 913 913 1 1 1 0 0 0 1 1 0 1
2525 1 1 1919 1919 913 913 1 1 1 0 0 0 1 1 0 1
2535 1 1 1502 1502 914 914 1 1 1 0 0 0 1 1 0 1
2537 1 1 1888 1888 914 914 1 1 1 0 0 0 1 1 0 1
2539 1 1 1442 1442 915 915 1 1 1 0 0 0 1 1 0 1
2542 1 1 1 1 916 916 1 1 1 0 0 0 1 1 0 1
2552 1 1 1684 1684 916 916 1 1 1 0 0 0 1 1 0 1
2579 1 1 1469 1469 918 918 1 1 1 0 0 0 1 1 0 1
2596 1 1 1742 1742 919 919 1 1 1 0 0 0 1 1 0 1
2610 1 1 1591 1591 920 920 1 1 1 0 0 0 1 1 0 1
2617 1 1 1432 1432 921 921 1 1 1 0 0 0 1 1 0 1
2620 1 1 1801 1801 921 921 1 1 1 0 0 0 1 1 0 1
2641 1 1 1514 1514 923 923 1 1 1 0 0 0 1 1 0 1
2643 1 1 1656 1656 923 923 1 1 1 0 0 0 1 1 0 1
2646 1 1 83 83 924 924 1 1 1 0 0 0 1 1 0 1
2653 1 1 1255 1255 924 924 1 1 1 0 0 0 1 1 0 1
2674 1 1 1603 1603 927 927 1 1 1 0 0 0 1 1 0 1
2689 1 1 1632 1632 928 928 1 1 1 0 0 0 1 1 0 1
2690 1 1 1636 1636 928 928 1 1 1 0 0 0 1 1 0 1
2693 1 1 94 94 929 929 1 1 1 0 0 0 1 1 0 1
2694 1 1 103 103 929 929 1 1 1 0 0 0 1 1 0 1
2698 1 1 1681 1681 929 929 1 1 1 0 0 0 1 1 0 1
2710 1 1 1433 1433 930 930 1 1 1 0 0 0 1 1 0 1
2758 1 1 1644 1644 934 934 1 1 1 0 0 0 1 1 0 1
2760 1 1 1756 1756 934 934 1 1 1 0 0 0 1 1 0 1
2762 1 1 1849 1849 934 934 1 1 1 0 0 0 1 1 0 1
2767 1 1 126 126 935 935 1 1 1 0 0 0 1 1 0 1
2777 1 1 1382 1382 935 935 1 1 1 0 0 0 1 1 0 1
2778 1 1 1393 1393 935 935 1 1 1 0 0 0 1 1 0 1
2779 1 1 1399 1399 935 935 1 1 1 0 0 0 1 1 0 1
2792 1 1 790 790 936 936 1 1 1 0 0 0 1 1 0 1
2801 1 1 1689 1689 936 936 1 1 1 0 0 0 1 1 0 1
2805 1 1 286 286 937 937 1 1 1 0 0 0 1 1 0 1
2810 1 1 1702 1702 937 937 1 1 1 0 0 0 1 1 0 1
2823 1 1 489 489 939 939 1 1 1 0 0 0 1 1 0 1
2827 1 1 856 856 939 939 1 1 1 0 0 0 1 1 0 1
2831 1 1 1590 1590 939 939 1 1 1 0 0 0 1 1 0 1
2837 1 1 468 468 940 940 1 1 1 0 0 0 1 1 0 1
2838 1 1 490 490 940 940 1 1 1 0 0 0 1 1 0 1
2844 1 1 732 732 940 940 1 1 1 0 0 0 1 1 0 1
2891 1 1 590 590 943 943 1 1 1 0 0 0 1 1 0 1
2892 1 1 601 601 943 943 1 1 1 0 0 0 1 1 0 1
2906 1 1 1428 1428 943 943 1 1 1 0 0 0 1 1 0 1
2907 1 1 1440 1440 943 943 1 1 1 0 0 0 1 1 0 1
2908 1 1 1726 1726 943 943 1 1 1 0 0 0 1 1 0 1
2909 1 1 1914 1914 943 943 1 1 1 0 0 0 1 1 0 1
2939 1 1 1727 1727 944 944 1 1 1 0 0 0 1 1 0 1
2956 1 1 1674 1674 945 945 1 1 1 0 0 0 1 1 0 1
2958 1 1 1872 1872 945 945 1 1 1 0 0 0 1 1 0 1
2959 1 1 16 16 946 946 1 1 1 0 0 0 1 1 0 1
2962 1 1 409 409 946 946 1 1 1 0 0 0 1 1 0 1
2969 1 1 1461 1461 946 946 1 1 1 0 0 0 1 1 0 1
2984 1 1 11 11 948 948 1 1 1 0 0 0 1 1 0 1
2992 1 1 1704 1704 948 948 1 1 1 0 0 0 1 1 0 1
3008 1 1 1700 1700 949 949 1 1 1 0 0 0 1 1 0 1
3021 1 1 1669 1669 950 950 1 1 1 0 0 0 1 1 0 1
3047 1 1 1671 1671 953 953 1 1 1 0 0 0 1 1 0 1
3049 1 1 1809 1809 953 953 1 1 1 0 0 0 1 1 0 1
3071 1 1 1809 1809 957 957 1 1 1 0 0 0 1 1 0 1
3088 1 1 1876 1876 962 962 1 1 1 0 0 0 1 1 0 1
3091 1 1 1823 1823 964 964 1 1 1 0 0 0 1 1 0 1
3109 1 1 1896 1896 972 972 1 1 1 0 0 0 1 1 0 1
3131 1 1 715 715 979 979 1 1 1 0 0 0 1 1 0 1
3141 1 1 804 804 981 981 1 1 1 0 0 0 1 1 0 1
3152 1 1 752 752 986 986 1 1 1 0 0 0 1 1 0 1
3158 1 1 932 932 988 988 1 1 1 0 0 0 1 1 0 1
3220 1 1 782 782 1004 1004 1 1 1 0 0 0 1 1 0 1
3221 1 1 790 790 1004 1004 1 1 1 0 0 0 1 1 0 1
3245 1 1 916 916 1008 1008 1 1 1 0 0 0 1 1 0 1
3248 1 1 211 211 1009 1009 1 1 1 0 0 0 1 1 0 1
3252 1 1 1097 1097 1009 1009 1 1 1 0 0 0 1 1 0 1
3257 1 1 113 113 1012 1012 1 1 1 0 0 0 1 1 0 1
3259 1 1 166 166 1012 1012 1 1 1 0 0 0 1 1 0 1
3264 1 1 395 395 1013 1013 1 1 1 0 0 0 1 1 0 1
3265 1 1 445 445 1013 1013 1 1 1 0 0 0 1 1 0 1
3269 1 1 111 111 1014 1014 1 1 1 0 0 0 1 1 0 1
3270 1 1 116 116 1014 1014 1 1 1 0 0 0 1 1 0 1
3271 1 1 441 441 1014 1014 1 1 1 0 0 0 1 1 0 1
3286 1 1 76 76 1016 1016 1 1 1 0 0 0 1 1 0 1
3290 1 1 56 56 1017 1017 1 1 1 0 0 0 1 1 0 1
3291 1 1 1277 1277 1017 1017 1 1 1 0 0 0 1 1 0 1
3297 1 1 1280 1280 1019 1019 1 1 1 0 0 0 1 1 0 1
3301 1 1 59 59 1020 1020 1 1 1 0 0 0 1 1 0 1
3304 1 1 1281 1281 1020 1020 1 1 1 0 0 0 1 1 0 1
3311 1 1 62 62 1021 1021 1 1 1 0 0 0 1 1 0 1
3312 1 1 436 436 1021 1021 1 1 1 0 0 0 1 1 0 1
3317 1 1 407 407 1023 1023 1 1 1 0 0 0 1 1 0 1
3322 1 1 66 66 1025 1025 1 1 1 0 0 0 1 1 0 1
3327 1 1 686 686 1026 1026 1 1 1 0 0 0 1 1 0 1
3335 1 1 1337 1337 1028 1028 1 1 1 0 0 0 1 1 0 1
3338 1 1 601 601 1029 1029 1 1 1 0 0 0 1 1 0 1
3343 1 1 1722 1722 1029 1029 1 1 1 0 0 0 1 1 0 1
3344 1 1 1736 1736 1029 1029 1 1 1 0 0 0 1 1 0 1
3347 1 1 25 25 1030 1030 1 1 1 0 0 0 1 1 0 1
3350 1 1 1720 1720 1030 1030 1 1 1 0 0 0 1 1 0 1
3354 1 1 392 392 1031 1031 1 1 1 0 0 0 1 1 0 1
3357 1 1 1675 1675 1031 1031 1 1 1 0 0 0 1 1 0 1
3371 1 1 21 21 1034 1034 1 1 1 0 0 0 1 1 0 1
3374 1 1 475 475 1034 1034 1 1 1 0 0 0 1 1 0 1
3391 1 1 474 474 1036 1036 1 1 1 0 0 0 1 1 0 1
3392 1 1 601 601 1036 1036 1 1 1 0 0 0 1 1 0 1
3395 1 1 1563 1563 1036 1036 1 1 1 0 0 0 1 1 0 1
3426 1 1 31 31 1038 1038 1 1 1 0 0 0 1 1 0 1
3432 1 1 1517 1517 1038 1038 1 1 1 0 0 0 1 1 0 1
3447 1 1 1651 1651 1040 1040 1 1 1 0 0 0 1 1 0 1
3481 1 1 1673 1673 1043 1043 1 1 1 0 0 0 1 1 0 1
3484 1 1 586 586 1044 1044 1 1 1 0 0 0 1 1 0 1
3488 1 1 1633 1633 1044 1044 1 1 1 0 0 0 1 1 0 1
3492 1 1 844 844 1045 1045 1 1 1 0 0 0 1 1 0 1
3499 1 1 1700 1700 1045 1045 1 1 1 0 0 0 1 1 0 1
3505 1 1 1647 1647 1046 1046 1 1 1 0 0 0 1 1 0 1
3515 1 1 1702 1702 1047 1047 1 1 1 0 0 0 1 1 0 1
3544 1 1 478 478 1049 1049 1 1 1 0 0 0 1 1 0 1
3549 1 1 1203 1203 1049 1049 1 1 1 0 0 0 1 1 0 1
3560 1 1 204 204 1052 1052 1 1 1 0 0 0 1 1 0 1
3561 1 1 467 467 1052 1052 1 1 1 0 0 0 1 1 0 1
3574 1 1 1127 1127 1053 1053 1 1 1 0 0 0 1 1 0 1
3576 1 1 320 320 1054 1054 1 1 1 0 0 0 1 1 0 1
3582 1 1 1745 1745 1054 1054 1 1 1 0 0 0 1 1 0 1
3583 1 1 1749 1749 1054 1054 1 1 1 0 0 0 1 1 0 1
3596 1 1 1753 1753 1056 1056 1 1 1 0 0 0 1 1 0 1
3604 1 1 1876 1876 1057 1057 1 1 1 0 0 0 1 1 0 1
3607 1 1 445 445 1058 1058 1 1 1 0 0 0 1 1 0 1
3610 1 1 1270 1270 1058 1058 1 1 1 0 0 0 1 1 0 1
3612 1 1 1867 1867 1058 1058 1 1 1 0 0 0 1 1 0 1
3627 1 1 1269 1269 1059 1059 1 1 1 0 0 0 1 1 0 1
3639 1 1 1842 1842 1060 1060 1 1 1 0 0 0 1 1 0 1
3642 1 1 252 252 1061 1061 1 1 1 0 0 0 1 1 0 1
3645 1 1 253 253 1062 1062 1 1 1 0 0 0 1 1 0 1
3650 1 1 110 110 1063 1063 1 1 1 0 0 0 1 1 0 1
3691 1 1 1716 1716 1068 1068 1 1 1 0 0 0 1 1 0 1
3693 1 1 263 263 1069 1069 1 1 1 0 0 0 1 1 0 1
3696 1 1 837 837 1069 1069 1 1 1 0 0 0 1 1 0 1
3703 1 1 264 264 1070 1070 1 1 1 0 0 0 1 1 0 1
3705 1 1 834 834 1070 1070 1 1 1 0 0 0 1 1 0 1
3709 1 1 903 903 1070 1070 1 1 1 0 0 0 1 1 0 1
3727 1 1 1426 1426 1071 1071 1 1 1 0 0 0 1 1 0 1
3740 1 1 1912 1912 1071 1071 1 1 1 0 0 0 1 1 0 1
3758 1 1 844 844 1075 1075 1 1 1 0 0 0 1 1 0 1
3759 1 1 1591 1591 1075 1075 1 1 1 0 0 0 1 1 0 1
3762 1 1 364 364 1076 1076 1 1 1 0 0 0 1 1 0 1
3768 1 1 1717 1717 1076 1076 1 1 1 0 0 0 1 1 0 1
3781 1 1 1912 1912 1078 1078 1 1 1 0 0 0 1 1 0 1
3782 1 1 362 362 1079 1079 1 1 1 0 0 0 1 1 0 1
3783 1 1 374 374 1079 1079 1 1 1 0 0 0 1 1 0 1
3788 1 1 1817 1817 1079 1079 1 1 1 0 0 0 1 1 0 1
