1 [1]
2 [1]
3 [1]
4 [4]
5 [4]
6 [4]
7 [4]
8 [4]
9 [4]
10 [4]
11 [4]
12 [4]
13 [4]
14 [1]
15 [4]
16 [1]
17 [4]
18 [1]
19 [4]
20 [1]
21 [21]
22 [1]
23 [4]
24 [1]
25 [4]
26 [4]
27 [1]
28 [1]
29 [4]
30 [1]
31 [1]
32 [4]
33 [1]
34 [4]
35 [1]
36 [4]
37 [1]
38 [1]
39 [1]
40 [1]
41 [1]
42 [42]
43 [1]
44 [1]
45 [1]
46 [1]
47 [1]
48 [1]
49 [42]
50 [1]
51 [1]
52 [1]
53 [42]
54 [54]
55 [1]
56 [42]
57 [1]
58 [42]
59 [1]
60 [60]
61 [1]
62 [1]
63 [42]
64 [1]
65 [1]
66 [1]
67 [1]
68 [1]
69 [1]
70 [1]
71 [1]
72 [1]
73 [1]
74 [60]
75 [1]
76 [76]
77 [1]
78 [60]
79 [1]
80 [60]
81 [81]
82 [1]
83 [83]
84 [60]
85 [81]
86 [83]
87 [60]
88 [60]
89 [60]
90 [60]
91 [60]
92 [60]
93 [60]
94 [60]
95 [60]
96 [60]
97 [60]
98 [1]
99 [60]
100 [60]
101 [60]
102 [60]
103 [60]
104 [1]
105 [60]
106 [60]
107 [60]
108 [60]
109 [60]
110 [1]
111 [60]
112 [60]
113 [60]
114 [1]
115 [1]
116 [1]
117 [1]
118 [1]
119 [1]
120 [1]
121 [1]
122 [122]
123 [122]
124 [122]
125 [1]
126 [1]
127 [127]
128 [60]
129 [60]
130 [60]
131 [60]
132 [60]
133 [60]
134 [60]
135 [135]
136 [60]
137 [60]
138 [135]
139 [60]
140 [60]
141 [141]
142 [60]
143 [60]
144 [141]
145 [60]
146 [146]
147 [147]
148 [60]
149 [149]
150 [60]
151 [60]
152 [60]
153 [60]
154 [141]
155 [60]
156 [60]
157 [141]
158 [60]
159 [60]
160 [60]
161 [60]
162 [60]
163 [60]
164 [164]
165 [60]
166 [60]
167 [60]
168 [164]
169 [60]
170 [60]
171 [60]
172 [164]
173 [60]
174 [164]
175 [60]
176 [60]
177 [60]
178 [60]
179 [60]
180 [60]
181 [60]
182 [60]
183 [60]
184 [60]
185 [60]
186 [60]
187 [187]
188 [187]
189 [187]
190 [141]
191 [141]
192 [141]
193 [141]
194 [141]
195 [141]
196 [196]
197 [196]
198 [196]
199 [141]
200 [141]
201 [141]
202 [141]
203 [1]
204 [141]
205 [141]
206 [141]
207 [141]
208 [1]
209 [141]
210 [141]
211 [211]
212 [141]
213 [141]
214 [214]
215 [214]
216 [214]
217 [214]
218 [214]
219 [214]
220 [214]
221 [1]
222 [1]
223 [1]
224 [224]
225 [224]
226 [226]
227 [227]
228 [227]
229 [227]
230 [1]
231 [227]
232 [232]
233 [232]
234 [227]
235 [227]
236 [236]
237 [237]
238 [238]
239 [237]
240 [232]
241 [237]
242 [242]
243 [232]
244 [227]
245 [245]
246 [1]
247 [245]
248 [1]
249 [245]
250 [250]
251 [251]
252 [1]
253 [232]
254 [254]
255 [255]
256 [256]
257 [257]
258 [257]
259 [257]
260 [255]
261 [232]
262 [262]
263 [232]
264 [264]
265 [265]
266 [264]
267 [232]
268 [232]
269 [232]
270 [270]
271 [232]
272 [232]
273 [232]
274 [232]
275 [255]
276 [276]
277 [277]
278 [255]
279 [232]
280 [280]
281 [232]
282 [280]
283 [280]
284 [284]
285 [1]
286 [1]
287 [287]
288 [232]
289 [289]
290 [290]
291 [291]
292 [292]
293 [293]
294 [292]
295 [293]
296 [291]
297 [290]
298 [1]
299 [1]
300 [291]
301 [301]
302 [290]
303 [1]
304 [1]
305 [292]
306 [306]
307 [307]
308 [308]
309 [309]
310 [309]
311 [1]
312 [312]
313 [293]
314 [1]
315 [312]
316 [1]
317 [317]
318 [291]
319 [290]
320 [1]
321 [293]
322 [322]
323 [323]
324 [324]
325 [325]
326 [326]
327 [327]
328 [328]
329 [329]
330 [1]
331 [331]
332 [332]
333 [291]
334 [334]
335 [324]
336 [290]
337 [337]
338 [338]
339 [338]
340 [340]
341 [290]
342 [342]
343 [343]
344 [344]
345 [345]
346 [346]
347 [347]
348 [1]
349 [337]
350 [347]
351 [351]
352 [352]
353 [353]
354 [1]
355 [346]
356 [356]
357 [325]
358 [347]
359 [359]
360 [360]
361 [361]
362 [359]
363 [363]
364 [359]
365 [337]
366 [366]
367 [359]
368 [337]
369 [369]
370 [370]
371 [346]
372 [325]
373 [373]
374 [370]
375 [375]
376 [376]
377 [377]
378 [375]
379 [379]
380 [346]
381 [381]
382 [382]
383 [375]
384 [381]
385 [375]
386 [346]
387 [325]
388 [381]
389 [337]
390 [382]
391 [377]
392 [392]
393 [393]
394 [375]
395 [375]
396 [396]
397 [375]
398 [398]
399 [351]
400 [1]
401 [398]
402 [375]
403 [375]
404 [375]
405 [405]
406 [398]
407 [407]
408 [408]
409 [409]
410 [375]
411 [411]
412 [412]
413 [413]
414 [414]
415 [377]
416 [416]
417 [409]
418 [375]
419 [375]
420 [420]
421 [421]
422 [375]
423 [375]
424 [375]
425 [375]
426 [426]
427 [427]
428 [428]
429 [409]
430 [375]
431 [431]
432 [375]
433 [346]
434 [427]
435 [435]
436 [436]
437 [375]
438 [375]
439 [435]
440 [440]
441 [375]
442 [375]
443 [443]
444 [375]
445 [375]
446 [375]
447 [325]
448 [448]
449 [449]
450 [450]
451 [375]
452 [375]
453 [453]
454 [427]
455 [455]
456 [375]
457 [457]
458 [375]
459 [375]
460 [375]
461 [346]
462 [325]
463 [463]
464 [427]
465 [377]
466 [377]
467 [467]
468 [375]
469 [469]
470 [375]
471 [375]
472 [346]
473 [473]
474 [474]
475 [375]
476 [375]
477 [477]
478 [375]
479 [375]
480 [480]
481 [473]
482 [375]
483 [375]
484 [375]
485 [485]
486 [486]
487 [487]
488 [375]
489 [489]
490 [490]
491 [490]
492 [420]
493 [485]
494 [494]
495 [420]
496 [375]
497 [375]
498 [375]
499 [375]
500 [375]
501 [501]
502 [502]
503 [375]
504 [375]
505 [375]
506 [375]
507 [325]
508 [508]
509 [490]
510 [375]
511 [490]
512 [512]
513 [513]
514 [375]
515 [515]
516 [508]
517 [517]
518 [513]
519 [508]
520 [508]
521 [490]
522 [522]
523 [517]
524 [524]
525 [525]
526 [508]
527 [517]
528 [517]
529 [529]
530 [530]
531 [531]
532 [375]
533 [533]
534 [534]
535 [535]
536 [536]
537 [508]
538 [508]
539 [517]
540 [540]
541 [531]
542 [531]
543 [543]
544 [544]
545 [508]
546 [490]
547 [490]
548 [420]
549 [531]
550 [375]
551 [551]
552 [552]
553 [552]
554 [375]
555 [555]
556 [543]
557 [557]
558 [552]
559 [325]
560 [557]
561 [552]
562 [562]
563 [377]
564 [325]
565 [325]
566 [490]
567 [551]
568 [562]
569 [540]
570 [325]
571 [571]
572 [551]
573 [552]
574 [377]
575 [575]
576 [576]
577 [577]
578 [578]
579 [551]
580 [580]
581 [540]
582 [577]
583 [325]
584 [325]
585 [325]
586 [578]
587 [508]
588 [508]
589 [551]
590 [540]
591 [325]
592 [592]
593 [593]
594 [594]
595 [508]
596 [551]
597 [580]
598 [598]
599 [375]
600 [594]
601 [601]
602 [420]
603 [598]
604 [375]
605 [605]
606 [325]
607 [594]
608 [608]
609 [552]
610 [375]
611 [605]
612 [325]
613 [613]
614 [325]
615 [615]
616 [616]
617 [325]
618 [618]
619 [619]
620 [490]
621 [621]
622 [616]
623 [605]
624 [325]
625 [325]
626 [626]
627 [627]
628 [551]
629 [325]
630 [325]
631 [325]
632 [632]
633 [626]
634 [634]
635 [551]
636 [636]
637 [636]
638 [325]
639 [325]
640 [325]
641 [325]
642 [642]
643 [643]
644 [490]
645 [645]
646 [645]
647 [634]
648 [634]
649 [551]
650 [325]
651 [325]
652 [642]
653 [653]
654 [508]
655 [655]
656 [645]
657 [634]
658 [658]
659 [659]
660 [325]
661 [325]
662 [645]
663 [645]
664 [627]
665 [634]
666 [658]
667 [325]
668 [325]
669 [325]
670 [670]
671 [645]
672 [634]
673 [634]
674 [375]
675 [325]
676 [676]
677 [325]
678 [325]
679 [670]
680 [645]
681 [681]
682 [605]
683 [325]
684 [325]
685 [325]
686 [325]
687 [325]
688 [688]
689 [689]
690 [690]
691 [645]
692 [325]
693 [325]
694 [688]
695 [508]
696 [490]
697 [697]
698 [645]
699 [658]
700 [375]
701 [701]
702 [702]
703 [703]
704 [490]
705 [490]
706 [645]
707 [658]
708 [325]
709 [701]
710 [710]
711 [325]
712 [508]
713 [713]
714 [645]
715 [715]
716 [701]
717 [701]
718 [702]
719 [713]
720 [645]
721 [721]
722 [722]
723 [723]
724 [375]
725 [725]
726 [726]
727 [727]
728 [645]
729 [325]
730 [645]
731 [325]
732 [710]
733 [508]
734 [490]
735 [490]
736 [490]
737 [375]
738 [490]
739 [701]
740 [740]
741 [741]
742 [742]
743 [743]
744 [490]
745 [745]
746 [746]
747 [710]
748 [508]
749 [490]
750 [645]
751 [751]
752 [325]
753 [753]
754 [508]
755 [490]
756 [756]
757 [757]
758 [375]
759 [375]
760 [760]
761 [761]
762 [762]
763 [763]
764 [764]
765 [765]
766 [762]
767 [763]
768 [375]
769 [769]
770 [770]
771 [325]
772 [762]
773 [773]
774 [764]
775 [775]
776 [770]
777 [777]
778 [764]
779 [770]
780 [745]
781 [781]
782 [782]
783 [783]
784 [764]
785 [785]
786 [786]
787 [782]
788 [788]
789 [789]
790 [783]
791 [791]
792 [792]
793 [793]
794 [793]
795 [770]
796 [325]
797 [797]
798 [762]
799 [789]
800 [800]
801 [800]
802 [802]
803 [793]
804 [793]
805 [805]
806 [806]
807 [807]
808 [792]
809 [805]
810 [770]
811 [811]
812 [800]
813 [802]
814 [792]
815 [815]
816 [816]
817 [811]
818 [818]
819 [819]
820 [820]
821 [508]
822 [791]
823 [792]
824 [824]
825 [825]
826 [375]
827 [325]
828 [325]
829 [325]
830 [830]
831 [831]
832 [789]
833 [833]
834 [834]
835 [835]
836 [836]
837 [837]
838 [791]
839 [792]
840 [793]
841 [841]
842 [842]
843 [824]
844 [844]
845 [845]
846 [846]
847 [325]
848 [789]
849 [834]
850 [850]
851 [792]
852 [793]
853 [846]
854 [854]
855 [770]
856 [325]
857 [834]
858 [792]
859 [793]
860 [860]
861 [854]
862 [770]
863 [863]
864 [864]
865 [864]
866 [866]
867 [867]
868 [792]
869 [860]
870 [375]
871 [375]
872 [864]
873 [867]
874 [874]
875 [860]
876 [876]
877 [325]
878 [878]
879 [867]
880 [874]
881 [881]
882 [882]
883 [883]
884 [824]
885 [824]
886 [886]
887 [887]
888 [834]
889 [889]
890 [890]
891 [867]
892 [824]
893 [893]
894 [325]
895 [895]
896 [896]
897 [889]
898 [889]
899 [899]
900 [899]
901 [899]
902 [867]
903 [793]
904 [824]
905 [905]
906 [824]
907 [824]
908 [860]
909 [909]
910 [910]
911 [911]
912 [912]
913 [867]
914 [874]
915 [793]
916 [824]
917 [917]
918 [375]
919 [325]
920 [910]
921 [911]
922 [922]
923 [837]
924 [874]
925 [824]
926 [824]
927 [927]
928 [928]
929 [928]
930 [860]
931 [931]
932 [932]
933 [375]
934 [325]
935 [325]
936 [899]
937 [837]
938 [938]
939 [928]
940 [824]
941 [860]
942 [942]
943 [325]
944 [325]
945 [899]
946 [946]
947 [837]
948 [824]
949 [375]
950 [325]
951 [951]
952 [860]
953 [860]
954 [932]
955 [375]
956 [956]
957 [928]
958 [375]
959 [959]
960 [899]
961 [961]
962 [962]
963 [963]
964 [964]
965 [965]
966 [793]
967 [770]
968 [770]
969 [375]
970 [375]
971 [375]
972 [375]
973 [375]
974 [959]
975 [325]
976 [325]
977 [325]
978 [961]
979 [979]
980 [791]
981 [981]
982 [982]
983 [375]
984 [984]
985 [325]
986 [325]
987 [325]
988 [988]
989 [961]
990 [965]
991 [981]
992 [793]
993 [860]
994 [860]
995 [860]
996 [961]
997 [981]
998 [793]
999 [860]
1000 [860]
1001 [942]
1002 [982]
1003 [375]
1004 [375]
1005 [325]
1006 [961]
1007 [965]
1008 [981]
1009 [793]
1010 [860]
1011 [982]
1012 [325]
1013 [1013]
1014 [1014]
1015 [1015]
1016 [1015]
1017 [1015]
1018 [981]
1019 [860]
1020 [375]
1021 [1021]
1022 [375]
1023 [325]
1024 [325]
1025 [1025]
1026 [899]
1027 [1013]
1028 [1015]
1029 [981]
1030 [793]
1031 [824]
1032 [982]
1033 [325]
1034 [899]
1035 [1035]
1036 [1036]
1037 [1037]
1038 [1038]
1039 [1038]
1040 [1015]
1041 [1015]
1042 [981]
1043 [793]
1044 [982]
1045 [325]
1046 [1046]
1047 [899]
1048 [1048]
1049 [1013]
1050 [1035]
1051 [1036]
1052 [1037]
1053 [1038]
1054 [1015]
1055 [793]
1056 [1056]
1057 [325]
1058 [1046]
1059 [1059]
1060 [793]
1061 [325]
1062 [325]
1063 [793]
1064 [375]
1065 [325]
1066 [325]
1067 [325]
1068 [325]
1069 [1069]
1070 [793]
1071 [824]
1072 [375]
1073 [325]
1074 [325]
1075 [1075]
1076 [1076]
1077 [1077]
1078 [793]
1079 [1079]
1080 [1080]
1081 [1076]
1082 [1082]
1083 [1083]
1084 [325]
1085 [325]
1086 [1082]
1087 [793]
1088 [982]
1089 [1083]
1090 [325]
1091 [1091]
1092 [1092]
1093 [1093]
1094 [793]
1095 [1095]
1096 [982]
1097 [325]
1098 [325]
1099 [325]
1100 [1100]
1101 [1101]
1102 [1102]
1103 [793]
1104 [824]
1105 [1105]
1106 [982]
1107 [1107]
1108 [1108]
1109 [375]
1110 [325]
1111 [1111]
1112 [1080]
1113 [1113]
1114 [1114]
1115 [1015]
1116 [1015]
1117 [1117]
1118 [824]
1119 [1119]
1120 [1105]
1121 [375]
1122 [1122]
1123 [1123]
1124 [1113]
1125 [1125]
1126 [1126]
1127 [1127]
1128 [793]
1129 [860]
1130 [325]
1131 [325]
1132 [325]
1133 [1122]
1134 [1134]
1135 [1123]
1136 [1136]
1137 [1114]
1138 [1138]
1139 [1125]
1140 [1125]
1141 [1126]
1142 [1142]
1143 [793]
1144 [1144]
1145 [325]
1146 [1122]
1147 [1134]
1148 [1126]
1149 [824]
1150 [860]
1151 [1151]
1152 [1152]
1153 [1125]
1154 [793]
1155 [375]
1156 [375]
1157 [325]
1158 [1158]
1159 [1159]
1160 [793]
1161 [824]
1162 [1162]
1163 [982]
1164 [1164]
1165 [375]
1166 [1123]
1167 [1167]
1168 [1168]
1169 [1169]
1170 [793]
1171 [1171]
1172 [982]
1173 [1173]
1174 [1167]
1175 [1175]
1176 [793]
1177 [1177]
1178 [1125]
1179 [1179]
1180 [793]
1181 [375]
1182 [375]
1183 [325]
1184 [1184]
1185 [1185]
1186 [1168]
1187 [1187]
1188 [1188]
1189 [793]
1190 [1190]
1191 [1191]
1192 [1192]
1193 [1193]
1194 [1194]
1195 [1167]
1196 [1159]
1197 [1197]
1198 [1198]
1199 [1187]
1200 [824]
1201 [375]
1202 [375]
1203 [1191]
1204 [1204]
1205 [1193]
1206 [1206]
1207 [1197]
1208 [1208]
1209 [793]
1210 [793]
1211 [1211]
1212 [824]
1213 [375]
1214 [375]
1215 [1191]
1216 [375]
1217 [1217]
1218 [1218]
1219 [1211]
1220 [1220]
1221 [860]
1222 [1222]
1223 [1223]
1224 [375]
1225 [1193]
1226 [1226]
1227 [1227]
1228 [1228]
1229 [1229]
1230 [1230]
1231 [1231]
1232 [1232]
1233 [1233]
1234 [793]
1235 [1235]
1236 [824]
1237 [1226]
1238 [1238]
1239 [1159]
1240 [1159]
1241 [1241]
1242 [1242]
1243 [1243]
1244 [793]
1245 [1245]
1246 [793]
1247 [1247]
1248 [1248]
1249 [1245]
1250 [1228]
1251 [1251]
1252 [1252]
1253 [1253]
1254 [1254]
1255 [793]
1256 [1256]
1257 [1247]
1258 [1258]
1259 [1259]
1260 [1253]
1261 [793]
1262 [1262]
1263 [1263]
1264 [1264]
1265 [793]
1266 [1266]
1267 [1267]
1268 [1263]
1269 [1264]
1270 [1270]
1271 [793]
1272 [793]
1273 [1273]
1274 [1274]
1275 [1274]
1276 [1276]
1277 [1277]
1278 [1267]
1279 [1279]
1280 [1280]
1281 [1281]
1282 [1282]
1283 [1283]
1284 [1270]
1285 [1285]
1286 [1286]
1287 [1274]
1288 [1280]
1289 [1283]
1290 [1270]
1291 [1270]
1292 [1292]
1293 [1293]
1294 [1294]
1295 [1295]
1296 [1296]
1297 [1297]
1298 [1270]
1299 [1292]
1300 [1286]
1301 [1301]
1302 [1228]
1303 [1303]
1304 [1304]
1305 [1305]
1306 [1297]
1307 [1270]
1308 [793]
1309 [1309]
1310 [1310]
1311 [1311]
1312 [1312]
1313 [1313]
1314 [1314]
1315 [1304]
1316 [793]
1317 [1317]
1318 [1318]
1319 [1319]
1320 [1317]
1321 [1321]
1322 [1322]
1323 [1323]
1324 [1324]
1325 [1325]
1326 [1326]
1327 [1327]
1328 [1328]
1329 [325]
1330 [1330]
1331 [1331]
1332 [1332]
1333 [1318]
1334 [1334]
1335 [1228]
1336 [1336]
1337 [1332]
1338 [1338]
1339 [1339]
1340 [1340]
1341 [1341]
1342 [1342]
1343 [1343]
1344 [1344]
1345 [1345]
1346 [1346]
1347 [1347]
1348 [1348]
1349 [1349]
1350 [1344]
1351 [1327]
1352 [1345]
1353 [325]
1354 [1354]
1355 [1355]
1356 [1356]
1357 [1357]
1358 [1358]
1359 [1359]
1360 [1349]
1361 [1361]
1362 [1362]
1363 [1363]
1364 [1364]
1365 [1356]
1366 [1366]
1367 [1367]
1368 [1359]
1369 [1349]
1370 [1370]
1371 [1371]
1372 [1372]
1373 [325]
1374 [1363]
1375 [1366]
1376 [1370]
1377 [1372]
1378 [1372]
1379 [1372]
1380 [1372]
1381 [1372]
1382 [1345]
1383 [325]
1384 [1363]
1385 [1385]
1386 [1386]
1387 [1387]
1388 [1388]
1389 [1389]
1390 [1390]
1391 [1370]
1392 [1344]
1393 [1393]
1394 [793]
1395 [1372]
1396 [1372]
1397 [1397]
1398 [1347]
1399 [1399]
1400 [1400]
1401 [1389]
1402 [1366]
1403 [1403]
1404 [1404]
1405 [1405]
1406 [1406]
1407 [1407]
1408 [1408]
1409 [1409]
1410 [793]
1411 [1397]
1412 [1412]
1413 [1399]
1414 [1414]
1415 [1389]
1416 [1403]
1417 [1406]
1418 [1409]
1419 [1419]
1420 [1372]
1421 [1421]
1422 [1421]
1423 [1423]
1424 [1372]
1425 [1421]
1426 [325]
1427 [1397]
1428 [1428]
1429 [1423]
1430 [1372]
1431 [1431]
1432 [325]
1433 [1397]
1434 [1434]
1435 [1435]
1436 [1372]
1437 [1372]
1438 [1372]
1439 [1439]
1440 [1440]
1441 [1404]
1442 [1372]
1443 [1443]
1444 [1444]
1445 [1440]
1446 [1446]
1447 [1447]
1448 [1448]
1449 [1449]
1450 [1450]
1451 [1451]
1452 [1451]
1453 [325]
1454 [1454]
1455 [1455]
1456 [1456]
1457 [1457]
1458 [1372]
1459 [1459]
1460 [1454]
1461 [1461]
1462 [1462]
1463 [1455]
1464 [1464]
1465 [1465]
1466 [1372]
1467 [1467]
1468 [1468]
1469 [1469]
1470 [325]
1471 [1471]
1472 [1455]
1473 [1473]
1474 [1474]
1475 [1465]
1476 [1372]
1477 [1477]
1478 [1478]
1479 [1479]
1480 [1480]
1481 [1481]
1482 [1455]
1483 [1455]
1484 [1484]
1485 [1404]
1486 [1473]
1487 [1372]
1488 [1372]
1489 [1478]
1490 [1372]
1491 [1372]
1492 [1478]
1493 [1372]
1494 [1372]
1495 [1372]
1496 [1496]
1497 [1497]
1498 [1478]
1499 [1372]
1500 [1500]
1501 [1455]
1502 [1473]
1503 [1372]
1504 [1504]
1505 [1505]
1506 [1505]
1507 [1505]
1508 [1455]
1509 [1455]
1510 [1510]
1511 [1511]
1512 [1505]
1513 [1513]
1514 [1513]
1515 [1515]
1516 [1372]
1517 [1505]
1518 [1455]
1519 [1513]
1520 [1372]
1521 [1521]
1522 [1522]
1523 [1479]
1524 [1505]
1525 [1455]
1526 [1526]
1527 [1527]
1528 [1505]
1529 [1505]
1530 [1513]
1531 [1531]
1532 [1532]
1533 [1533]
1534 [1513]
1535 [1513]
1536 [1536]
1537 [1372]
1538 [1372]
1539 [1531]
1540 [1531]
1541 [1541]
1542 [1542]
1543 [1543]
1544 [1505]
1545 [1455]
1546 [1455]
1547 [1547]
1548 [1513]
1549 [1536]
1550 [1550]
1551 [1551]
1552 [1531]
1553 [1531]
1554 [1479]
1555 [1543]
1556 [1505]
1557 [1455]
1558 [1558]
1559 [1372]
1560 [1531]
1561 [1561]
1562 [1455]
1563 [1563]
1564 [1372]
1565 [1531]
1566 [1561]
1567 [1561]
1568 [1505]
1569 [1505]
1570 [1570]
1571 [1372]
1572 [1572]
1573 [1531]
1574 [1505]
1575 [1575]
1576 [1576]
1577 [1372]
1578 [1572]
1579 [1531]
1580 [1580]
1581 [1581]
1582 [1505]
1583 [1505]
1584 [1455]
1585 [1585]
1586 [1586]
1587 [1587]
1588 [1575]
1589 [1551]
1590 [1531]
1591 [1531]
1592 [1592]
1593 [1593]
1594 [1505]
1595 [1595]
1596 [1596]
1597 [1587]
1598 [1575]
1599 [1576]
1600 [1551]
1601 [1531]
1602 [1531]
1603 [1505]
1604 [1575]
1605 [1605]
1606 [1531]
1607 [1580]
1608 [1580]
1609 [1609]
1610 [1372]
1611 [1611]
1612 [1612]
1613 [1613]
1614 [1614]
1615 [1372]
1616 [1372]
1617 [1531]
1618 [1580]
1619 [1613]
1620 [1505]
1621 [1621]
1622 [1575]
1623 [1614]
1624 [1624]
1625 [1372]
1626 [1626]
1627 [1627]
1628 [1455]
1629 [1455]
1630 [1630]
1631 [1631]
1632 [1632]
1633 [1455]
1634 [1634]
1635 [1635]
1636 [1636]
1637 [1632]
1638 [1638]
1639 [1639]
1640 [1455]
1641 [1641]
1642 [1632]
1643 [1643]
1644 [1644]
1645 [1645]
1646 [1531]
1647 [1632]
1648 [1648]
1649 [1372]
1650 [1650]
1651 [1372]
1652 [1372]
1653 [1653]
1654 [1372]
1655 [1372]
1656 [1372]
1657 [1657]
1658 [1658]
1659 [1372]
1660 [1660]
1661 [1661]
1662 [1662]
1663 [1663]
1664 [1372]
1665 [1665]
1666 [1665]
1667 [1667]
1668 [1372]
1669 [1372]
1670 [1670]
1671 [1671]
1672 [1672]
1673 [1372]
1674 [1372]
1675 [1372]
1676 [1671]
1677 [1677]
1678 [1372]
1679 [1372]
1680 [1372]
1681 [1372]
1682 [1671]
1683 [1660]
1684 [1684]
1685 [1685]
1686 [1686]
1687 [1671]
1688 [1684]
1689 [1689]
1690 [1671]
1691 [1665]
1692 [1692]
1693 [1372]
1694 [1372]
1695 [1665]
1696 [1372]
1697 [1697]
1698 [1372]
1699 [1372]
1700 [1372]
1701 [1697]
1702 [1702]
1703 [1372]
1704 [1671]
1705 [1702]
1706 [1372]
1707 [1671]
1708 [1665]
1709 [1709]
1710 [1372]
1711 [1671]
1712 [1712]
1713 [1372]
1714 [1372]
1715 [1372]
1716 [1372]
1717 [1372]
1718 [1372]
1719 [1372]
1720 [1372]
1721 [1372]
1722 [1722]
1723 [1723]
1724 [1724]
1725 [1372]
1726 [1726]
1727 [1727]
1728 [1726]
1729 [1372]
1730 [1730]
1731 [1372]
1732 [1730]
1733 [1372]
1734 [1734]
1735 [1735]
1736 [1736]
1737 [1737]
1738 [1738]
1739 [1739]
1740 [1372]
1741 [1372]
1742 [1742]
1743 [1743]
1744 [1744]
1745 [1739]
1746 [1746]
1747 [1747]
1748 [1742]
1749 [1743]
1750 [1750]
1751 [1751]
1752 [1752]
1753 [1753]
1754 [1754]
1755 [1751]
1756 [1754]
1757 [1757]
1758 [1758]
1759 [1754]
1760 [1372]
1761 [1761]
1762 [1754]
1763 [1761]
1764 [1761]
1765 [1765]
1766 [1761]
1767 [1765]
1768 [1768]
1769 [1769]
1770 [1770]
1771 [1761]
1772 [1772]
1773 [1773]
1774 [1761]
1775 [1772]
1776 [1776]
1777 [1777]
1778 [1778]
1779 [1779]
1780 [1751]
1781 [1781]
1782 [1782]
1783 [1783]
1784 [1781]
1785 [1785]
1786 [1751]
1787 [1787]
1788 [1788]
1789 [1789]
1790 [1790]
1791 [1791]
1792 [1792]
1793 [1751]
1794 [1794]
1795 [1795]
1796 [1792]
1797 [1797]
1798 [1798]
1799 [1799]
1800 [1797]
1801 [1801]
1802 [1802]
1803 [1803]
1804 [1804]
1805 [1805]
1806 [1806]
1807 [1798]
1808 [1808]
1809 [1808]
1810 [1808]
1811 [1811]
1812 [1812]
1813 [1813]
1814 [1814]
1815 [1815]
1816 [1808]
1817 [1817]
1818 [1818]
1819 [1819]
1820 [1820]
1821 [1821]
1822 [1821]
1823 [1823]
1824 [1824]
1825 [1825]
1826 [1826]
1827 [1825]
1828 [1828]
1829 [1829]
1830 [1829]
1831 [1826]
1832 [1832]
1833 [1829]
1834 [1834]
1835 [1835]
1836 [1836]
1837 [1837]
1838 [1837]
1839 [1839]
1840 [1837]
1841 [1841]
1842 [1836]
1843 [1843]
1844 [1844]
1845 [1843]
1846 [1846]
1847 [1847]
1848 [1848]
1849 [1849]
1850 [1850]
1851 [1851]
1852 [1852]
1853 [1853]
1854 [1854]
1855 [1855]
1856 [1856]
1857 [1857]
1858 [1858]
1859 [1859]
1860 [1860]
1861 [1859]
1862 [1862]
1863 [1863]
1864 [1863]
1865 [1865]
1866 [1866]
1867 [1867]
1868 [1868]
1869 [1869]
1870 [1870]
1871 [1871]
1872 [1872]
1873 [1873]
1874 [1874]
1875 [1875]
1876 [1876]
1877 [1877]
1878 [1878]
1879 [1879]
1880 [1880]
1881 [1880]
1882 [1882]
1883 [1879]
1884 [1884]
1885 [1885]
1886 [1886]
1887 [1886]
1888 [1888]
1889 [1886]
1890 [1882]
1891 [1882]
1892 [1886]
1893 [1893]
1894 [1893]
1895 [1882]
1896 [1896]
1897 [1897]
1898 [1898]
1899 [1893]
1900 [1882]
1901 [1901]
1902 [1896]
1903 [1886]
1904 [1886]
1905 [1905]
1906 [1906]
1907 [1907]
1908 [1908]
1909 [1893]
1910 [1893]
1911 [1893]
1912 [1896]
1913 [1913]
1914 [1914]
1915 [1893]
1916 [1893]
1917 [1917]
1918 [1893]
1919 [1882]
1920 [1893]
1921 [1893]
1922 [1882]
1923 [1896]
1924 [1893]
1925 [1893]
1926 [1893]
1927 [1927]
1928 [1928]
1929 [1893]
1930 [1930]
1931 [1931]
1932 [1932]
1933 [1893]
1934 [1893]
1935 [1893]
1936 [1893]
1937 [1882]
1938 [1938]
1939 [1930]
1940 [1932]
1941 [1941]
1942 [1942]
1943 [1896]
1944 [1893]
1945 [1896]
1946 [1946]
1947 [1947]
1948 [1893]
1949 [1893]
1950 [1882]
1951 [1882]
1952 [1896]
1953 [1886]
1954 [1954]
1955 [1955]
1956 [1893]
1957 [1893]
1958 [1882]
1959 [1959]
1960 [1960]
1961 [1954]
1962 [1955]
1963 [1963]
1964 [1964]
1965 [1886]
1966 [1960]
1967 [1954]
1968 [1896]
1969 [1886]
1970 [1970]
1971 [1893]
1972 [1893]
1973 [1893]
1974 [1963]
1975 [1882]
1976 [1970]
1977 [1977]
1978 [1893]
1979 [1882]
1980 [1882]
1981 [1981]
1982 [1981]
1983 [1886]
1984 [1886]
1985 [1886]
1986 [1970]
1987 [1977]
1988 [1988]
1989 [1989]
1990 [1893]
1991 [1882]
1992 [1882]
1993 [1981]
1994 [1886]
1995 [1995]
1996 [1996]
1997 [1997]
1998 [1998]
1999 [1999]
2000 [2000]
2001 [1886]
2002 [2002]
2003 [1882]
2004 [1893]
2005 [1882]
2006 [1882]
2007 [1893]
2008 [1893]
2009 [2009]
2010 [2010]
2011 [1886]
2012 [1995]
2013 [2013]
2014 [1893]
2015 [1893]
2016 [2016]
2017 [1893]
2018 [1893]
2019 [1893]
2020 [1893]
2021 [1893]
2022 [1882]
2023 [1886]
2024 [2024]
2025 [1997]
2026 [1893]
2027 [2027]
2028 [2028]
2029 [2024]
2030 [2030]
2031 [1997]
2032 [1886]
2033 [2033]
2034 [2030]
2035 [1893]
2036 [1893]
2037 [1886]
2038 [2038]
2039 [1995]
2040 [1995]
2041 [1995]
2042 [2042]
2043 [2043]
2044 [1997]
2045 [1997]
2046 [2046]
2047 [1893]
2048 [1893]
2049 [2049]
2050 [2050]
2051 [1997]
2052 [1997]
2053 [1893]
2054 [1893]
2055 [2055]
2056 [1893]
2057 [1893]
2058 [1893]
2059 [2059]
2060 [1995]
2061 [1893]
2062 [1893]
2063 [2063]
2064 [2046]
2065 [1893]
2066 [1893]
2067 [2063]
2068 [1886]
2069 [1886]
2070 [2070]
2071 [1995]
2072 [1995]
2073 [1893]
2074 [2074]
2075 [2063]
2076 [1886]
2077 [1886]
2078 [2078]
2079 [1995]
2080 [2080]
2081 [1995]
2082 [1995]
2083 [2083]
2084 [2084]
2085 [1997]
2086 [1893]
2087 [2063]
2088 [1886]
2089 [1995]
2090 [2083]
2091 [2084]
2092 [2092]
2093 [2063]
2094 [2063]
2095 [2063]
2096 [2063]
2097 [2063]
2098 [1886]
2099 [1886]
2100 [1995]
2101 [1995]
2102 [2084]
2103 [2103]
2104 [2092]
2105 [2105]
2106 [2063]
2107 [1886]
2108 [2108]
2109 [2108]
2110 [2108]
2111 [2111]
2112 [2112]
2113 [2113]
2114 [2113]
2115 [2113]
2116 [2116]
2117 [2117]
2118 [1995]
2119 [1995]
2120 [2092]
2121 [2063]
2122 [2108]
2123 [2112]
2124 [2124]
2125 [2113]
2126 [2126]
2127 [1995]
2128 [1995]
2129 [2129]
2130 [2130]
2131 [2131]
2132 [1893]
2133 [1882]
2134 [2134]
2135 [2063]
2136 [1886]
2137 [2137]
2138 [2108]
2139 [2139]
2140 [2111]
2141 [2141]
2142 [2142]
2143 [2126]
2144 [1995]
2145 [1995]
2146 [1995]
2147 [2147]
2148 [1882]
2149 [2063]
2150 [1886]
2151 [2108]
2152 [2152]
2153 [2153]
2154 [2154]
2155 [2155]
2156 [2156]
2157 [2157]
2158 [2158]
2159 [2063]
2160 [2160]
2161 [2108]
2162 [2162]
2163 [2163]
2164 [2137]
2165 [1995]
2166 [1995]
2167 [2167]
2168 [1893]
2169 [1882]
2170 [2063]
2171 [1886]
2172 [1995]
2173 [2173]
2174 [2173]
2175 [2175]
2176 [2176]
2177 [1882]
2178 [1882]
2179 [2173]
2180 [2175]
2181 [1893]
2182 [1893]
2183 [2183]
2184 [2184]
2185 [2175]
2186 [2176]
2187 [2187]
2188 [2188]
2189 [2189]
2190 [1893]
2191 [2191]
2192 [1882]
2193 [1886]
2194 [2194]
2195 [2195]
2196 [2196]
2197 [2176]
2198 [1893]
2199 [2063]
2200 [1886]
2201 [1886]
2202 [2153]
2203 [2203]
2204 [2204]
2205 [2175]
2206 [2206]
2207 [2207]
2208 [2208]
2209 [2188]
2210 [2188]
2211 [2188]
2212 [2188]
2213 [2189]
2214 [2189]
2215 [2215]
2216 [2216]
2217 [1995]
2218 [2218]
2219 [2175]
2220 [2220]
2221 [2221]
2222 [2207]
2223 [2208]
2224 [2224]
2225 [2225]
2226 [2220]
2227 [2227]
2228 [2207]
2229 [2229]
2230 [2208]
2231 [2224]
2232 [1882]
2233 [1886]
2234 [1886]
2235 [2235]
2236 [2227]
2237 [2196]
2238 [2196]
2239 [2196]
2240 [2207]
2241 [2208]
2242 [2242]
2243 [2243]
2244 [2244]
2245 [2245]
2246 [1893]
2247 [2247]
2248 [2248]
2249 [2249]
2250 [2250]
2251 [2251]
2252 [2153]
2253 [2216]
2254 [2254]
2255 [2175]
2256 [2175]
2257 [2196]
2258 [2258]
2259 [2259]
2260 [2260]
2261 [2207]
2262 [2188]
2263 [2263]
2264 [2263]
2265 [2263]
2266 [2266]
2267 [2267]
2268 [2268]
2269 [2269]
2270 [2244]
2271 [2271]
2272 [2063]
2273 [2273]
2274 [2274]
2275 [2275]
2276 [2175]
2277 [2196]
2278 [2278]
2279 [2278]
2280 [2266]
2281 [2268]
2282 [2282]
2283 [1893]
2284 [2284]
2285 [2285]
2286 [2286]
2287 [2287]
2288 [2288]
2289 [2175]
2290 [2175]
2291 [2175]
2292 [2175]
2293 [2293]
2294 [1893]
2295 [1893]
2296 [1893]
2297 [2297]
2298 [2298]
2299 [2175]
2300 [2300]
2301 [2195]
2302 [2189]
2303 [1893]
2304 [2304]
2305 [2175]
2306 [2175]
2307 [2207]
2308 [2308]
2309 [1893]
2310 [2310]
2311 [2153]
2312 [1995]
2313 [2175]
2314 [2175]
2315 [2196]
2316 [2316]
2317 [2293]
2318 [2293]
2319 [2319]
2320 [2189]
2321 [2189]
2322 [2189]
2323 [2323]
2324 [2324]
2325 [2325]
2326 [2308]
2327 [1893]
2328 [2328]
2329 [2329]
2330 [2175]
2331 [2196]
2332 [2207]
2333 [2278]
2334 [2334]
2335 [2335]
2336 [2323]
2337 [1893]
2338 [2338]
2339 [2249]
2340 [2328]
2341 [2341]
2342 [2153]
2343 [2343]
2344 [2175]
2345 [2196]
2346 [2196]
2347 [2316]
2348 [2207]
2349 [2349]
2350 [2267]
2351 [2335]
2352 [2352]
2353 [2324]
2354 [2354]
2355 [2355]
2356 [2249]
2357 [2175]
2358 [2175]
2359 [2359]
2360 [2196]
2361 [2316]
2362 [2207]
2363 [2278]
2364 [2278]
2365 [2293]
2366 [2366]
2367 [2267]
2368 [2368]
2369 [2369]
2370 [2370]
2371 [2175]
2372 [2359]
2373 [2359]
2374 [2293]
2375 [2366]
2376 [2267]
2377 [2377]
2378 [2378]
2379 [2379]
2380 [1893]
2381 [2249]
2382 [2153]
2383 [2175]
2384 [2359]
2385 [2385]
2386 [2386]
2387 [2387]
2388 [2278]
2389 [2267]
2390 [2390]
2391 [2379]
2392 [2392]
2393 [2393]
2394 [2394]
2395 [2153]
2396 [2396]
2397 [2397]
2398 [2398]
2399 [2196]
2400 [2400]
2401 [2401]
2402 [2316]
2403 [2403]
2404 [2404]
2405 [2278]
2406 [2406]
2407 [2407]
2408 [2408]
2409 [2409]
2410 [2410]
2411 [2411]
2412 [2412]
2413 [2413]
2414 [2414]
2415 [2415]
2416 [2416]
2417 [2417]
2418 [2407]
2419 [2410]
2420 [2412]
2421 [2421]
2422 [2394]
2423 [2423]
2424 [1893]
2425 [1893]
2426 [2426]
2427 [2427]
2428 [2379]
2429 [2429]
2430 [2430]
2431 [2430]
2432 [2432]
2433 [2394]
2434 [2434]
2435 [2379]
2436 [2429]
2437 [2437]
2438 [2392]
2439 [2439]
2440 [2434]
2441 [2441]
2442 [2379]
2443 [1893]
2444 [2444]
2445 [2432]
2446 [2394]
2447 [2394]
2448 [2153]
2449 [2449]
2450 [2450]
2451 [2175]
2452 [2452]
2453 [2441]
2454 [2454]
2455 [2455]
2456 [2444]
2457 [2457]
2458 [2432]
2459 [2459]
2460 [2153]
2461 [2153]
2462 [2153]
2463 [2404]
2464 [2188]
2465 [2267]
2466 [2308]
2467 [2467]
2468 [2394]
2469 [2469]
2470 [2432]
2471 [2471]
2472 [2472]
2473 [2452]
2474 [2474]
2475 [2475]
2476 [2475]
2477 [2379]
2478 [2478]
2479 [2454]
2480 [2471]
2481 [2481]
2482 [2394]
2483 [2483]
2484 [2472]
2485 [2452]
2486 [2486]
2487 [2188]
2488 [2413]
2489 [2489]
2490 [2475]
2491 [2491]
2492 [2478]
2493 [2493]
2494 [2494]
2495 [2394]
2496 [2483]
2497 [2188]
2498 [2498]
2499 [2499]
2500 [2475]
2501 [1893]
2502 [2502]
2503 [2503]
2504 [2504]
2505 [2432]
2506 [2506]
2507 [2153]
2508 [2153]
2509 [2153]
2510 [2153]
2511 [2153]
2512 [1995]
2513 [1995]
2514 [1995]
2515 [2515]
2516 [2516]
2517 [2516]
2518 [2516]
2519 [2519]
2520 [2520]
2521 [2521]
2522 [2522]
2523 [2475]
2524 [2524]
2525 [2525]
2526 [2526]
2527 [2527]
2528 [2503]
2529 [2529]
2530 [1995]
2531 [1995]
2532 [2532]
2533 [2293]
2534 [2293]
2535 [2535]
2536 [2536]
2537 [2537]
2538 [2538]
2539 [2539]
2540 [2540]
2541 [2541]
2542 [2542]
2543 [1995]
2544 [2544]
2545 [2545]
2546 [2546]
2547 [2547]
2548 [2548]
2549 [2548]
2550 [2522]
2551 [2522]
2552 [2552]
2553 [2553]
2554 [2554]
2555 [2555]
2556 [2555]
2557 [2557]
2558 [2557]
2559 [2432]
2560 [2432]
2561 [1995]
2562 [2562]
2563 [1995]
2564 [1995]
2565 [2565]
2566 [2522]
2567 [2554]
2568 [2555]
2569 [2569]
2570 [2557]
2571 [2432]
2572 [2432]
2573 [2573]
2574 [2574]
2575 [2574]
2576 [2576]
2577 [2576]
2578 [2576]
2579 [2579]
2580 [2540]
2581 [2581]
2582 [2582]
2583 [2554]
2584 [2555]
2585 [2569]
2586 [2557]
2587 [2557]
2588 [2557]
2589 [2557]
2590 [2590]
2591 [2591]
2592 [2432]
2593 [2573]
2594 [2574]
2595 [2595]
2596 [2596]
2597 [2553]
2598 [2598]
2599 [2599]
2600 [2557]
2601 [2557]
2602 [2432]
2603 [2432]
2604 [2529]
2605 [2515]
2606 [2574]
2607 [2576]
2608 [2188]
2609 [2609]
2610 [2610]
2611 [2522]
2612 [2553]
2613 [2432]
2614 [2432]
2615 [2432]
2616 [2188]
2617 [2617]
2618 [2618]
2619 [2619]
2620 [2620]
2621 [2621]
2622 [2599]
2623 [2503]
2624 [2503]
2625 [2503]
2626 [2249]
2627 [2618]
2628 [2619]
2629 [2629]
2630 [2599]
2631 [2599]
2632 [2632]
2633 [2503]
2634 [2503]
2635 [1995]
2636 [2636]
2637 [2637]
2638 [2638]
2639 [2619]
2640 [2619]
2641 [2641]
2642 [2642]
2643 [2643]
2644 [2522]
2645 [2645]
2646 [2646]
2647 [2599]
2648 [2249]
2649 [2529]
2650 [2529]
2651 [2153]
2652 [2652]
2653 [2653]
2654 [2654]
2655 [2553]
2656 [2656]
2657 [2657]
2658 [2249]
2659 [2529]
2660 [2660]
2661 [2661]
2662 [2662]
2663 [2663]
2664 [2153]
2665 [2660]
2666 [2666]
2667 [2553]
2668 [2553]
2669 [2669]
2670 [2670]
2671 [2671]
2672 [2672]
2673 [2673]
2674 [2674]
2675 [2675]
2676 [2553]
2677 [2553]
2678 [2661]
2679 [2662]
2680 [2670]
2681 [2681]
2682 [2682]
2683 [2683]
2684 [2557]
2685 [2672]
2686 [2686]
2687 [2673]
2688 [2666]
2689 [2689]
2690 [2690]
2691 [2670]
2692 [2681]
2693 [2693]
2694 [2694]
2695 [2557]
2696 [2557]
2697 [2557]
2698 [2698]
2699 [2670]
2700 [2681]
2701 [2682]
2702 [2557]
2703 [2557]
2704 [2557]
2705 [2557]
2706 [2557]
2707 [2557]
2708 [2557]
2709 [2557]
2710 [2710]
2711 [2711]
2712 [2670]
2713 [2713]
2714 [2557]
2715 [2432]
2716 [2716]
2717 [2557]
2718 [2557]
2719 [2719]
2720 [2686]
2721 [2721]
2722 [2711]
2723 [2711]
2724 [2670]
2725 [2557]
2726 [2557]
2727 [2557]
2728 [2557]
2729 [2557]
2730 [2557]
2731 [2731]
2732 [2731]
2733 [2662]
2734 [2734]
2735 [2599]
2736 [2736]
2737 [2557]
2738 [2557]
2739 [2557]
2740 [2740]
2741 [2741]
2742 [2741]
2743 [2711]
2744 [2711]
2745 [2711]
2746 [2711]
2747 [2747]
2748 [2748]
2749 [2749]
2750 [2750]
2751 [2751]
2752 [2736]
2753 [2557]
2754 [2557]
2755 [2557]
2756 [2740]
2757 [2711]
2758 [2758]
2759 [2731]
2760 [2760]
2761 [2662]
2762 [2762]
2763 [2670]
2764 [2764]
2765 [2681]
2766 [2734]
2767 [2767]
2768 [2599]
2769 [2769]
2770 [2557]
2771 [2557]
2772 [2557]
2773 [2557]
2774 [2557]
2775 [2557]
2776 [2557]
2777 [2777]
2778 [2778]
2779 [2779]
2780 [2741]
2781 [2781]
2782 [2662]
2783 [2783]
2784 [2783]
2785 [2734]
2786 [2786]
2787 [2787]
2788 [2557]
2789 [2789]
2790 [2790]
2791 [2791]
2792 [2792]
2793 [2557]
2794 [2557]
2795 [2557]
2796 [2557]
2797 [2797]
2798 [2798]
2799 [2781]
2800 [2800]
2801 [2801]
2802 [2802]
2803 [2803]
2804 [2669]
2805 [2805]
2806 [2557]
2807 [2557]
2808 [2557]
2809 [2557]
2810 [2810]
2811 [2811]
2812 [2812]
2813 [2813]
2814 [2814]
2815 [2815]
2816 [2816]
2817 [2791]
2818 [2557]
2819 [2557]
2820 [2812]
2821 [2813]
2822 [2557]
2823 [2823]
2824 [2824]
2825 [2557]
2826 [2557]
2827 [2827]
2828 [2557]
2829 [2829]
2830 [2711]
2831 [2831]
2832 [2711]
2833 [2833]
2834 [2834]
2835 [2557]
2836 [2836]
2837 [2837]
2838 [2838]
2839 [2557]
2840 [2557]
2841 [2557]
2842 [2557]
2843 [2557]
2844 [2844]
2845 [2557]
2846 [2557]
2847 [2557]
2848 [2557]
2849 [2711]
2850 [2834]
2851 [2557]
2852 [2557]
2853 [2557]
2854 [2557]
2855 [2557]
2856 [2557]
2857 [2557]
2858 [2711]
2859 [2803]
2860 [2557]
2861 [2557]
2862 [2557]
2863 [2557]
2864 [2557]
2865 [2557]
2866 [2557]
2867 [2557]
2868 [2557]
2869 [2557]
2870 [2557]
2871 [2557]
2872 [2557]
2873 [2557]
2874 [2557]
2875 [2557]
2876 [2876]
2877 [2803]
2878 [2878]
2879 [2879]
2880 [2557]
2881 [2557]
2882 [2557]
2883 [2557]
2884 [2557]
2885 [2557]
2886 [2557]
2887 [2557]
2888 [2557]
2889 [2557]
2890 [2557]
2891 [2891]
2892 [2892]
2893 [2557]
2894 [2557]
2895 [2557]
2896 [2557]
2897 [2557]
2898 [2557]
2899 [2557]
2900 [2557]
2901 [2557]
2902 [2557]
2903 [2557]
2904 [2557]
2905 [2557]
2906 [2906]
2907 [2907]
2908 [2908]
2909 [2909]
2910 [2878]
2911 [2557]
2912 [2557]
2913 [2557]
2914 [2557]
2915 [2557]
2916 [2557]
2917 [2557]
2918 [2557]
2919 [2557]
2920 [2557]
2921 [2557]
2922 [2557]
2923 [2557]
2924 [2557]
2925 [2557]
2926 [2557]
2927 [2557]
2928 [2557]
2929 [2557]
2930 [2557]
2931 [2557]
2932 [2557]
2933 [2557]
2934 [2557]
2935 [2557]
2936 [2557]
2937 [2557]
2938 [2557]
2939 [2939]
2940 [2940]
2941 [2940]
2942 [2942]
2943 [2943]
2944 [2557]
2945 [2557]
2946 [2557]
2947 [2557]
2948 [2557]
2949 [2557]
2950 [2557]
2951 [2557]
2952 [2557]
2953 [2557]
2954 [2557]
2955 [2955]
2956 [2956]
2957 [2957]
2958 [2958]
2959 [2959]
2960 [2960]
2961 [2961]
2962 [2962]
2963 [2557]
2964 [2557]
2965 [2557]
2966 [2557]
2967 [2557]
2968 [2557]
2969 [2969]
2970 [2557]
2971 [2955]
2972 [2972]
2973 [2973]
2974 [2557]
2975 [2557]
2976 [2557]
2977 [2557]
2978 [2557]
2979 [2557]
2980 [2557]
2981 [2557]
2982 [2557]
2983 [2983]
2984 [2984]
2985 [2557]
2986 [2557]
2987 [2557]
2988 [2557]
2989 [2557]
2990 [2557]
2991 [2557]
2992 [2992]
2993 [2993]
2994 [2557]
2995 [2557]
2996 [2557]
2997 [2557]
2998 [2557]
2999 [2557]
3000 [2557]
3001 [2557]
3002 [2557]
3003 [2557]
3004 [2557]
3005 [2557]
3006 [3006]
3007 [3007]
3008 [3008]
3009 [2557]
3010 [2557]
3011 [2557]
3012 [2557]
3013 [2557]
3014 [2557]
3015 [2557]
3016 [2557]
3017 [2557]
3018 [2557]
3019 [3019]
3020 [2972]
3021 [3021]
3022 [3022]
3023 [3023]
3024 [2557]
3025 [2557]
3026 [2557]
3027 [2557]
3028 [2557]
3029 [2557]
3030 [3030]
3031 [3031]
3032 [3032]
3033 [3033]
3034 [3023]
3035 [2557]
3036 [2557]
3037 [2557]
3038 [3030]
3039 [3022]
3040 [3023]
3041 [3041]
3042 [3042]
3043 [2557]
3044 [2557]
3045 [2557]
3046 [2557]
3047 [3047]
3048 [3022]
3049 [3049]
3050 [3023]
3051 [3051]
3052 [3042]
3053 [2557]
3054 [3054]
3055 [3055]
3056 [3042]
3057 [2557]
3058 [2557]
3059 [2940]
3060 [3051]
3061 [3055]
3062 [3062]
3063 [2557]
3064 [2557]
3065 [2557]
3066 [2557]
3067 [3067]
3068 [2940]
3069 [2557]
3070 [3067]
3071 [3071]
3072 [2557]
3073 [2557]
3074 [3074]
3075 [2557]
3076 [3074]
3077 [3077]
3078 [3062]
3079 [2557]
3080 [2557]
3081 [3081]
3082 [2557]
3083 [2557]
3084 [3081]
3085 [3085]
3086 [3086]
3087 [3085]
3088 [3088]
3089 [2557]
3090 [3090]
3091 [3091]
3092 [2557]
3093 [2557]
3094 [2557]
3095 [2557]
3096 [2557]
3097 [2557]
3098 [3098]
3099 [3099]
3100 [2557]
3101 [3101]
3102 [3102]
3103 [2557]
3104 [2557]
3105 [3105]
3106 [2557]
3107 [2557]
3108 [2557]
3109 [3109]
3110 [2557]
3111 [2557]
3112 [2557]
3113 [2557]
3114 [2557]
3115 [2557]
3116 [2557]
3117 [2557]
3118 [2557]
3119 [2557]
3120 [2557]
3121 [2557]
3122 [2557]
3123 [2557]
3124 [2557]
3125 [2557]
3126 [2557]
3127 [2557]
3128 [2557]
3129 [2557]
3130 [2557]
3131 [3131]
3132 [2557]
3133 [2557]
3134 [2557]
3135 [3135]
3136 [2557]
3137 [2557]
3138 [2557]
3139 [3135]
3140 [3140]
3141 [3141]
3142 [3142]
3143 [3143]
3144 [2557]
3145 [2557]
3146 [3146]
3147 [2557]
3148 [2557]
3149 [2557]
3150 [2557]
3151 [2557]
3152 [3152]
3153 [2557]
3154 [2557]
3155 [3146]
3156 [2557]
3157 [2557]
3158 [3158]
3159 [2557]
3160 [2557]
3161 [2557]
3162 [2557]
3163 [2557]
3164 [3164]
3165 [2557]
3166 [2557]
3167 [2557]
3168 [2557]
3169 [2557]
3170 [2557]
3171 [2557]
3172 [2557]
3173 [2557]
3174 [2557]
3175 [2557]
3176 [2557]
3177 [2557]
3178 [2557]
3179 [2557]
3180 [2557]
3181 [2557]
3182 [2557]
3183 [2557]
3184 [2557]
3185 [2557]
3186 [2557]
3187 [2557]
3188 [3188]
3189 [2557]
3190 [2557]
3191 [2557]
3192 [2557]
3193 [2557]
3194 [2557]
3195 [2557]
3196 [2557]
3197 [2557]
3198 [3198]
3199 [2557]
3200 [2557]
3201 [2557]
3202 [2557]
3203 [2557]
3204 [2557]
3205 [3205]
3206 [3205]
3207 [2557]
3208 [2557]
3209 [2557]
3210 [3210]
3211 [3211]
3212 [3211]
3213 [3213]
3214 [3213]
3215 [2557]
3216 [2557]
3217 [2557]
3218 [2557]
3219 [3205]
3220 [3220]
3221 [3221]
3222 [3211]
3223 [3223]
3224 [3213]
3225 [2557]
3226 [2557]
3227 [3227]
3228 [2557]
3229 [2557]
3230 [3230]
3231 [2557]
3232 [2557]
3233 [2557]
3234 [2557]
3235 [2557]
3236 [2557]
3237 [2557]
3238 [2557]
3239 [2557]
3240 [2557]
3241 [3241]
3242 [3242]
3243 [3243]
3244 [3244]
3245 [3245]
3246 [2557]
3247 [3241]
3248 [3248]
3249 [3249]
3250 [3243]
3251 [3243]
3252 [3252]
3253 [2557]
3254 [2557]
3255 [3255]
3256 [2557]
3257 [3257]
3258 [3258]
3259 [3259]
3260 [3260]
3261 [3241]
3262 [3262]
3263 [3263]
3264 [3264]
3265 [3265]
3266 [3260]
3267 [2557]
3268 [2557]
3269 [3269]
3270 [3270]
3271 [3271]
3272 [3272]
3273 [2557]
3274 [2557]
3275 [2557]
3276 [2557]
3277 [2557]
3278 [3278]
3279 [3279]
3280 [3280]
3281 [3281]
3282 [3282]
3283 [2557]
3284 [2557]
3285 [3278]
3286 [3286]
3287 [3287]
3288 [2557]
3289 [2557]
3290 [3290]
3291 [3291]
3292 [2557]
3293 [3293]
3294 [2557]
3295 [3295]
3296 [3296]
3297 [3297]
3298 [2557]
3299 [2557]
3300 [3295]
3301 [3301]
3302 [3293]
3303 [3303]
3304 [3304]
3305 [2557]
3306 [2557]
3307 [2557]
3308 [2557]
3309 [2557]
3310 [3310]
3311 [3311]
3312 [3312]
3313 [2557]
3314 [3303]
3315 [2557]
3316 [2557]
3317 [3317]
3318 [3318]
3319 [2557]
3320 [2557]
3321 [3321]
3322 [3322]
3323 [3323]
3324 [3318]
3325 [3325]
3326 [3326]
3327 [3327]
3328 [3328]
3329 [3326]
3330 [3330]
3331 [2557]
3332 [3332]
3333 [3333]
3334 [2557]
3335 [3335]
3336 [2557]
3337 [3337]
3338 [3338]
3339 [3339]
3340 [3339]
3341 [2557]
3342 [2557]
3343 [3343]
3344 [3344]
3345 [2557]
3346 [3310]
3347 [3347]
3348 [3348]
3349 [2557]
3350 [3350]
3351 [2557]
3352 [3310]
3353 [3353]
3354 [3354]
3355 [3355]
3356 [2557]
3357 [3357]
3358 [3358]
3359 [3353]
3360 [3360]
3361 [3361]
3362 [3362]
3363 [3339]
3364 [2557]
3365 [3360]
3366 [3366]
3367 [3367]
3368 [2557]
3369 [3369]
3370 [3370]
3371 [3371]
3372 [3360]
3373 [3366]
3374 [3374]
3375 [3367]
3376 [3376]
3377 [3377]
3378 [3328]
3379 [3379]
3380 [2557]
3381 [2557]
3382 [3369]
3383 [3358]
3384 [3353]
3385 [3353]
3386 [3386]
3387 [3387]
3388 [3387]
3389 [3361]
3390 [3390]
3391 [3391]
3392 [3392]
3393 [3393]
3394 [3393]
3395 [3395]
3396 [3396]
3397 [3369]
3398 [3369]
3399 [3369]
3400 [3369]
3401 [2557]
3402 [3310]
3403 [3353]
3404 [3404]
3405 [3353]
3406 [3353]
3407 [3353]
3408 [3386]
3409 [3353]
3410 [3353]
3411 [3411]
3412 [3411]
3413 [3387]
3414 [3387]
3415 [3390]
3416 [3416]
3417 [3417]
3418 [3418]
3419 [3419]
3420 [3393]
3421 [2557]
3422 [2557]
3423 [2557]
3424 [2557]
3425 [3425]
3426 [3426]
3427 [3353]
3428 [3353]
3429 [3386]
3430 [3353]
3431 [3387]
3432 [3432]
3433 [2557]
3434 [2557]
3435 [2557]
3436 [3387]
3437 [3416]
3438 [2557]
3439 [3353]
3440 [3440]
3441 [3387]
3442 [3387]
3443 [3387]
3444 [3387]
3445 [3387]
3446 [3417]
3447 [3447]
3448 [2557]
3449 [3353]
3450 [3411]
3451 [3411]
3452 [3387]
3453 [3387]
3454 [3417]
3455 [3353]
3456 [3353]
3457 [3386]
3458 [3411]
3459 [3411]
3460 [3387]
3461 [3461]
3462 [3416]
3463 [3416]
3464 [3416]
3465 [3416]
3466 [3466]
3467 [3467]
3468 [3468]
3469 [3418]
3470 [3470]
3471 [2557]
3472 [2557]
3473 [3387]
3474 [3387]
3475 [3466]
3476 [3467]
3477 [3467]
3478 [3468]
3479 [3468]
3480 [3480]
3481 [3481]
3482 [2557]
3483 [3353]
3484 [3484]
3485 [3466]
3486 [3486]
3487 [3487]
3488 [3488]
3489 [3489]
3490 [3490]
3491 [3466]
3492 [3492]
3493 [3480]
3494 [3480]
3495 [3495]
3496 [3486]
3497 [3497]
3498 [3498]
3499 [3499]
3500 [3468]
3501 [3495]
3502 [3487]
3503 [3487]
3504 [3487]
3505 [3505]
3506 [3369]
3507 [3353]
3508 [3416]
3509 [3416]
3510 [3480]
3511 [3480]
3512 [3487]
3513 [3513]
3514 [3514]
3515 [3515]
3516 [3516]
3517 [3353]
3518 [3353]
3519 [3519]
3520 [3520]
3521 [3466]
3522 [3466]
3523 [3466]
3524 [3466]
3525 [3525]
3526 [3480]
3527 [3480]
3528 [3480]
3529 [3529]
3530 [3529]
3531 [3531]
3532 [3529]
3533 [3529]
3534 [3534]
3535 [3535]
3536 [3536]
3537 [3537]
3538 [3369]
3539 [3539]
3540 [3540]
3541 [3540]
3542 [3353]
3543 [3519]
3544 [3544]
3545 [3525]
3546 [3480]
3547 [3480]
3548 [3529]
3549 [3549]
3550 [3537]
3551 [3369]
3552 [3540]
3553 [3416]
3554 [3416]
3555 [3480]
3556 [3537]
3557 [3557]
3558 [2557]
3559 [3540]
3560 [3560]
3561 [3561]
3562 [3416]
3563 [3466]
3564 [3466]
3565 [3487]
3566 [3529]
3567 [3557]
3568 [3416]
3569 [3416]
3570 [3416]
3571 [3416]
3572 [3480]
3573 [3573]
3574 [3574]
3575 [3539]
3576 [3576]
3577 [3416]
3578 [3416]
3579 [3573]
3580 [3529]
3581 [3529]
3582 [3582]
3583 [3583]
3584 [2557]
3585 [3411]
3586 [3411]
3587 [3416]
3588 [3588]
3589 [3588]
3590 [3573]
3591 [3529]
3592 [3529]
3593 [3593]
3594 [3525]
3595 [3537]
3596 [3596]
3597 [2557]
3598 [3411]
3599 [3599]
3600 [3593]
3601 [3601]
3602 [3416]
3603 [3525]
3604 [3604]
3605 [3411]
3606 [3593]
3607 [3607]
3608 [3588]
3609 [3525]
3610 [3610]
3611 [3611]
3612 [3612]
3613 [3613]
3614 [3411]
3615 [3599]
3616 [3599]
3617 [3387]
3618 [3468]
3619 [3468]
3620 [3529]
3621 [3529]
3622 [3529]
3623 [3529]
3624 [3529]
3625 [3529]
3626 [3626]
3627 [3627]
3628 [3628]
3629 [3353]
3630 [3599]
3631 [3387]
3632 [3468]
3633 [3529]
3634 [3529]
3635 [3529]
3636 [3529]
3637 [3626]
3638 [3628]
3639 [3639]
3640 [3640]
3641 [3641]
3642 [3642]
3643 [3387]
3644 [3529]
3645 [3645]
3646 [3387]
3647 [3529]
3648 [3529]
3649 [3529]
3650 [3650]
3651 [3353]
3652 [3353]
3653 [3599]
3654 [3387]
3655 [3387]
3656 [3529]
3657 [3353]
3658 [3387]
3659 [3387]
3660 [3387]
3661 [3387]
3662 [3387]
3663 [3353]
3664 [3599]
3665 [3387]
3666 [3666]
3667 [3666]
3668 [3668]
3669 [3668]
3670 [3670]
3671 [3628]
3672 [3353]
3673 [3387]
3674 [3387]
3675 [3387]
3676 [3676]
3677 [3666]
3678 [3668]
3679 [3668]
3680 [3537]
3681 [3628]
3682 [3353]
3683 [3353]
3684 [3684]
3685 [3353]
3686 [3686]
3687 [3687]
3688 [3688]
3689 [3668]
3690 [3668]
3691 [3691]
3692 [3687]
3693 [3693]
3694 [3599]
3695 [3695]
3696 [3696]
3697 [3697]
3698 [3697]
3699 [3699]
3700 [3700]
3701 [3670]
3702 [3702]
3703 [3703]
3704 [3387]
3705 [3705]
3706 [3697]
3707 [3697]
3708 [3697]
3709 [3709]
3710 [3710]
3711 [3710]
3712 [3668]
3713 [3668]
3714 [3714]
3715 [3702]
3716 [3716]
3717 [3717]
3718 [3718]
3719 [3387]
3720 [3466]
3721 [3466]
3722 [3722]
3723 [3722]
3724 [3722]
3725 [3725]
3726 [3710]
3727 [3727]
3728 [3728]
3729 [3729]
3730 [3730]
3731 [3730]
3732 [3732]
3733 [3733]
3734 [3734]
3735 [3735]
3736 [3736]
3737 [3736]
3738 [3738]
3739 [3739]
3740 [3740]
3741 [3716]
3742 [3716]
3743 [3466]
3744 [3466]
3745 [3745]
3746 [3725]
3747 [3747]
3748 [3734]
3749 [3749]
3750 [3716]
3751 [3716]
3752 [3717]
3753 [3734]
3754 [3670]
3755 [3735]
3756 [3738]
3757 [3718]
3758 [3758]
3759 [3759]
3760 [3760]
3761 [3735]
3762 [3762]
3763 [3718]
3764 [3668]
3765 [3668]
3766 [3766]
3767 [3766]
3768 [3768]
3769 [3769]
3770 [3770]
3771 [3771]
3772 [3670]
3773 [3736]
3774 [3738]
3775 [3775]
3776 [3776]
3777 [3771]
3778 [3670]
3779 [3779]
3780 [3780]
3781 [3781]
3782 [3782]
3783 [3783]
3784 [3775]
3785 [3785]
3786 [3770]
3787 [3776]
3788 [3788]
3789 [3780]
3790 [3739]
