1 [1]
2 [1]
3 [1]
4 [1]
5 [1]
6 [1]
7 [1]
8 [1]
9 [1]
10 [1]
11 [1]
12 [1]
13 [1]
14 [1]
15 [1]
16 [1]
17 [1]
18 [1]
19 [1]
20 [1]
21 [1]
22 [1]
23 [1]
24 [1]
25 [25]
26 [26]
27 [1]
28 [26]
29 [26]
30 [30]
31 [31]
32 [32]
33 [25]
34 [31]
35 [32]
36 [31]
37 [32]
38 [38]
39 [31]
40 [40]
41 [32]
42 [38]
43 [43]
44 [44]
45 [44]
46 [44]
47 [25]
48 [44]
49 [44]
50 [40]
51 [25]
52 [52]
53 [25]
54 [25]
55 [55]
56 [55]
57 [57]
58 [58]
59 [59]
60 [60]
61 [60]
62 [60]
63 [60]
64 [64]
65 [65]
66 [66]
67 [66]
68 [68]
69 [69]
70 [70]
71 [71]
72 [72]
73 [73]
74 [74]
75 [75]
76 [72]
77 [73]
78 [74]
79 [74]
80 [66]
81 [75]
82 [72]
83 [73]
84 [74]
85 [74]
86 [86]
87 [87]
88 [74]
89 [74]
90 [90]
91 [90]
92 [92]
93 [75]
94 [86]
95 [87]
96 [90]
97 [92]
98 [86]
99 [87]
100 [74]
101 [90]
102 [92]
103 [86]
104 [92]
105 [86]
106 [90]
107 [107]
108 [74]
109 [109]
110 [90]
111 [107]
112 [74]
113 [109]
114 [90]
115 [74]
116 [109]
117 [90]
118 [118]
119 [109]
120 [118]
121 [121]
122 [122]
123 [123]
124 [118]
125 [123]
126 [126]
127 [127]
128 [128]
129 [128]
130 [130]
131 [131]
132 [132]
133 [133]
134 [132]
135 [133]
136 [136]
137 [132]
138 [136]
139 [139]
140 [132]
141 [139]
142 [142]
143 [132]
144 [142]
145 [145]
146 [145]
147 [145]
148 [145]
149 [149]
150 [150]
151 [151]
152 [150]
153 [153]
154 [154]
155 [150]
156 [156]
157 [157]
158 [158]
159 [157]
160 [158]
161 [158]
162 [162]
163 [162]
164 [158]
165 [165]
166 [166]
167 [167]
168 [166]
169 [169]
170 [170]
171 [167]
172 [169]
173 [169]
174 [167]
175 [167]
176 [176]
177 [157]
178 [178]
179 [157]
180 [180]
181 [180]
182 [180]
183 [183]
184 [184]
185 [184]
186 [184]
187 [187]
188 [187]
189 [187]
190 [187]
191 [187]
192 [187]
193 [187]
194 [187]
195 [195]
196 [187]
197 [184]
198 [187]
199 [184]
200 [187]
201 [184]
202 [195]
203 [187]
204 [204]
205 [195]
206 [184]
207 [204]
208 [195]
209 [204]
210 [195]
211 [204]
212 [212]
213 [213]
214 [187]
215 [187]
216 [204]
217 [204]
218 [218]
219 [219]
220 [218]
221 [221]
222 [222]
223 [223]
224 [221]
225 [219]
226 [223]
227 [221]
228 [228]
229 [229]
230 [230]
231 [229]
232 [232]
233 [230]
234 [232]
235 [235]
236 [230]
237 [232]
238 [235]
239 [230]
240 [187]
241 [232]
242 [235]
243 [243]
244 [232]
245 [245]
246 [246]
247 [187]
248 [187]
249 [187]
250 [250]
251 [187]
252 [187]
253 [187]
254 [254]
255 [255]
256 [256]
257 [257]
258 [258]
259 [258]
260 [258]
261 [261]
262 [262]
263 [263]
264 [187]
265 [265]
266 [266]
267 [267]
268 [266]
269 [269]
270 [270]
271 [266]
272 [269]
273 [266]
274 [269]
275 [275]
276 [266]
277 [277]
278 [266]
279 [277]
280 [266]
281 [277]
282 [266]
283 [266]
284 [277]
285 [285]
286 [266]
287 [287]
288 [266]
289 [277]
290 [266]
291 [291]
292 [292]
293 [266]
294 [291]
295 [266]
296 [277]
297 [277]
298 [298]
299 [277]
300 [300]
301 [277]
302 [302]
303 [302]
304 [302]
305 [302]
306 [277]
307 [277]
308 [302]
309 [277]
310 [310]
311 [277]
312 [277]
313 [277]
314 [314]
315 [315]
316 [277]
317 [317]
318 [277]
319 [277]
320 [277]
321 [277]
322 [322]
323 [277]
324 [277]
325 [277]
326 [277]
327 [277]
328 [277]
329 [277]
330 [277]
331 [277]
332 [277]
333 [277]
334 [277]
335 [277]
336 [277]
337 [277]
338 [277]
339 [277]
340 [340]
341 [340]
342 [277]
343 [343]
344 [344]
345 [345]
346 [346]
347 [347]
348 [348]
349 [349]
350 [277]
351 [344]
