# label area perimeter xmin xmax ymin ymax
1 32462 6440 1625 4095 2 248
3 297 121 1873 1912 2 22
5 1451 400 1818 1908 5 39
16 12 12 1911 1915 11 14
24 3 3 1782 1783 15 16
25 2 2 1704 1705 16 16
28 4 4 0 1 18 19
31 16 15 1912 4095 19 22
37 1 1 1840 1840 23 23
39 2 2 1817 1817 24 25
61 2 2 1839 1840 44 44
62 1 1 1842 1842 45 45
63 4 4 1844 1847 46 46
66 7 7 1850 1855 48 49
68 1 1 1866 1866 49 49
70 13 13 1821 1827 50 53
74 17 17 1814 1816 52 58
81 3 3 1838 1840 54 54
91 3 3 0 4095 63 63
104 1 1 1911 1911 68 68
105 9 9 1722 1726 70 71
106 26 18 1907 1915 71 75
108 8 8 0 1 73 76
114 1 1 1719 1719 76 76
116 4 4 1627 1630 79 79
120 102 102 0 4095 80 113
133 1 1 1746 1746 85 85
134 1 1 1821 1821 85 85
143 4 4 1823 1826 88 88
152 1 1 1740 1740 94 94
167 5 5 1758 1762 101 101
178 1 1 1659 1659 106 106
188 9 8 1649 1652 112 114
192 8 8 1643 1647 114 116
197 16 13 1632 1638 116 120
205 2 2 1659 1659 123 124
212 64 30 1527 1537 128 136
218 1 1 1726 1726 129 129
220 9 9 1511 1514 130 132
222 1 1 1734 1734 130 130
225 31 20 1517 1527 131 137
234 39 37 1904 4095 132 139
237 1 1 1732 1732 133 133
241 185 87 1443 1471 135 148
244 4 4 1472 1474 136 137
245 5 5 1902 1903 136 139
246 10 10 1441 1446 137 140
250 9 9 1481 1484 138 142
251 16 14 1512 1519 138 141
255 24 22 1473 1480 139 146
256 4 4 1880 1881 139 141
259 3 3 1622 1624 140 140
262 899 284 1500 1540 141 189
263 6 6 1610 1612 141 143
268 3 3 1485 1485 143 145
270 1 1 1472 1472 144 144
271 5 5 1607 1609 144 146
275 1 1 1500 1500 145 145
277 5 5 1880 1882 145 146
278 2 2 1491 1491 146 147
279 1 1 1499 1499 146 146
280 3 3 1614 1616 146 146
281 5 5 1631 1634 146 147
282 12 11 1483 1489 147 150
283 1 1 1498 1498 147 147
287 1 1 1643 1643 147 147
288 1 1 1733 1733 147 147
290 1 1 1470 1470 148 148
291 1 1 1481 1481 148 148
292 1 1 1646 1646 148 148
298 1 1 1597 1597 150 150
302 45 41 1466 1482 152 159
305 1 1 1557 1557 154 154
309 12 10 1558 1562 155 157
317 1 1 1679 1679 156 156
319 1 1 1565 1565 157 157
320 4 4 1628 1630 157 158
323 1 1 1678 1678 157 157
325 2 2 1486 1487 158 158
326 1 1 1597 1597 158 158
327 3 3 1604 1606 158 158
328 1 1 1640 1640 158 158
330 1 1 1489 1489 159 159
332 8 8 1472 1474 160 164
333 1 1 1567 1567 160 160
334 1 1 1478 1478 161 161
335 1 1 1568 1568 161 161
338 1 1 1485 1485 162 162
340 1 1 1618 1618 162 162
341 1 1 1697 1697 162 162
342 2 2 1701 1702 162 162
343 1 1 1707 1707 162 162
349 1 1 1639 1639 163 163
350 1 1 1698 1698 163 163
354 33 33 0 4095 164 174
356 139 62 1484 1498 164 183
357 8 8 1634 1635 164 167
359 1 1 1673 1673 164 164
362 1 1 1475 1475 165 165
363 29 28 1558 1571 165 167
365 1 1 1614 1614 165 165
366 2 2 1676 1677 165 165
368 2 2 1481 1482 166 166
370 2 2 1695 1696 166 166
373 1 1 1620 1620 168 168
374 2 2 1692 1692 168 169
378 147 64 1415 1432 169 181
381 6 6 1615 1618 169 170
388 1 1 1501 1501 170 170
393 1 1 1614 1614 171 171
397 3 3 1507 1508 173 174
401 2 2 1479 1480 174 174
404 21777 1862 818 1083 175 308
405 2 2 1504 1505 175 175
411 1 1 1477 1477 176 176
412 4 4 1481 1484 176 176
417 1 1 1476 1476 177 177
422 114 114 0 4095 179 216
428 1 1 1478 1478 180 180
432 1 1 1474 1474 181 181
435 3 3 1423 1424 182 183
436 2 2 1480 1480 182 183
437 13 11 1540 1544 182 186
441 1 1 1476 1476 183 183
446 3 3 1425 1427 184 184
447 1 1 1462 1462 184 184
448 1 1 1504 1504 184 184
453 1 1 1428 1428 185 185
454 3 3 1537 1539 185 185
456 3 3 1787 1789 185 185
460 2 2 1485 1486 186 186
463 2 2 1433 1434 187 187
464 669 300 1485 1544 187 215
465 4 4 1533 1535 187 188
469 40 32 1463 1472 188 197
473 1 1 1540 1540 188 188
477 2 2 1442 1443 189 189
478 1 1 1459 1459 189 189
486 1 1 1451 1451 190 190
487 43 33 1474 1483 190 200
493 1 1 1455 1455 192 192
496 4 4 1411 1414 193 193
497 2 2 1457 1458 193 193
501 3 3 1404 1405 194 195
503 1 1 1484 1484 194 194
506 4 4 1378 1381 195 195
507 1 1 1463 1463 195 195
514 16 14 1545 1549 196 201
519 5 5 1462 1464 197 199
520 1 1 1550 1550 197 197
524 1 1 1453 1453 198 198
527 8 8 1423 1427 199 201
528 1 1 1454 1454 199 199
530 56 34 1462 1473 199 209
535 6 6 1455 1457 200 203
536 1 1 1460 1460 200 200
540 3 3 1409 1410 201 202
541 84 48 1471 1486 201 213
547 7 7 1536 1537 203 207
548 4 4 1541 1544 203 203
551 22 15 1398 1404 204 208
552 7 7 1410 1414 204 206
553 6 6 1419 1420 204 207
558 3 3 1496 1496 205 207
561 2 2 1872 1873 205 205
565 1 1 1425 1425 206 206
566 2 2 1432 1433 206 206
567 1 1 1458 1458 206 206
571 5 5 1732 1736 206 206
576 1 1 1436 1436 207 207
577 9 9 1446 1453 207 208
578 1 1 1457 1457 207 207
584 2 2 1437 1437 208 209
588 1 1 1536 1536 208 208
590 5 5 1422 1424 209 210
591 1 1 1498 1498 209 209
592 4 4 1532 1535 209 209
597 3 3 1412 1414 210 210
602 1 1 1410 1410 211 211
603 4 4 1427 1429 211 212
604 12 12 1492 1498 211 214
608 5 5 1418 1419 212 215
609 1 1 1452 1452 212 212
615 1 1 1408 1408 214 214
617 1 1 1425 1425 214 214
623 1 1 1424 1424 215 215
625 3 3 1414 1415 216 217
626 1 1 1421 1421 216 216
627 164 91 1509 1533 216 230
632 1 1 1490 1490 217 217
633 16 13 1498 1503 217 220
636 7 7 1820 1825 217 218
647 51 51 0 4095 220 236
655 2 2 1504 1505 221 221
661 2 2 1509 1510 222 222
668 16 14 1679 1683 224 228
670 5 5 1505 1507 225 226
676 10 10 1531 1537 227 230
677 5 5 1665 1668 227 228
684 7 7 1826 1830 228 229
691 1 1 1797 1797 230 230
694 1 1 1735 1735 231 231
697 6 6 1736 1740 234 235
700 580 165 1310 1368 236 259
701 241 134 1451 1478 236 263
702 2 2 1733 1734 236 236
705 1 1 1659 1659 237 237
713 4 4 1369 1372 241 241
714 162 90 1368 1389 241 259
715 1 1 1674 1674 241 241
718 5 5 1392 1396 242 242
720 17 14 1383 1390 243 246
721 1 1 1398 1398 243 243
722 8 8 1406 1410 243 246
724 1 1 1678 1678 243 243
726 1 1 1714 1714 243 243
727 2 2 1354 1354 244 245
731 2 2 1518 1519 244 244
732 1 1 1369 1369 245 245
733 1 1 1456 1456 245 245
734 1 1 1457 1457 246 246
735 49 30 1681 1690 246 255
736 8 8 1363 1366 247 248
741 2 2 240 241 249 249
744 5 5 1391 1394 249 250
745 3 3 1544 1546 249 249
746 12 11 1913 1918 249 252
747 9 9 0 4095 250 252
749 1 1 1423 1423 250 250
750 10 10 1694 1700 250 251
753 1 1 1396 1396 251 251
754 1 1 1415 1415 251 251
755 2 2 1420 1420 251 252
756 158 104 1562 1584 251 268
761 1 1 1397 1397 252 252
762 1 1 1413 1413 252 252
763 2 2 1433 1434 252 252
764 1 1 1439 1439 252 252
768 1 1 1908 1908 252 252
770 7 7 1310 1313 253 255
772 2 2 1410 1411 253 253
773 1 1 1417 1417 253 253
774 14 14 1421 1430 253 255
775 1 1 1440 1440 253 253
776 1 1 1450 1450 253 253
778 4 4 1691 1693 253 254
779 26 24 1896 1905 253 257
780 1 1 1911 1911 253 253
785 1 1 1299 1299 255 255
787 6 6 1325 1327 255 258
788 4 4 1415 1416 255 256
790 9 9 1316 1321 256 258
792 6 6 1408 1410 256 258
793 2 2 1474 1474 256 257
795 1 1 1417 1417 257 257
796 1 1 1688 1688 257 257
797 9 9 1816 1817 257 262
798 10 10 1887 1891 257 260
801 1 1 1349 1349 258 258
804 19 14 1605 1610 258 261
805 8 8 1614 1617 258 261
806 1 1 1620 1620 258 258
807 1 1 1694 1694 258 258
808 2 2 1851 1852 258 258
812 1 1 1683 1683 259 259
813 2 2 1687 1687 259 260
816 3 3 1438 1439 260 261
817 1 1 1682 1682 260 260
818 1 1 1756 1756 260 260
819 1 1 1823 1823 260 260
821 1 1 1428 1428 261 261
822 1 1 1881 1881 261 261
823 17 17 1469 1475 262 269
824 1 1 1556 1556 262 262
825 3 3 1561 1561 262 264
826 1 1 1674 1674 262 262
827 1 1 1761 1761 262 262
828 249 128 1824 1880 262 271
829 1 1 1887 1887 262 262
830 1 1 1493 1493 263 263
831 1 1 1503 1503 263 263
832 23 21 1514 1522 263 271
834 1 1 1673 1673 263 263
835 4 4 1766 1768 263 264
841 1 1 1495 1495 264 264
842 1 1 1514 1514 264 264
843 15 12 1525 1529 264 269
845 3 3 1821 1823 264 264
848 47 27 1478 1484 265 275
849 2 2 1488 1488 265 266
850 1 1 1515 1515 265 265
852 9 9 1534 1537 265 270
853 88 57 1652 1669 265 278
856 1 1 1449 1449 266 266
859 1 1 1508 1508 267 267
860 1 1 1646 1646 267 267
861 1 1 1664 1664 267 267
862 1 1 1820 1820 267 267
863 2 2 173 173 268 269
865 19 14 1490 1496 268 271
866 1 1 1505 1505 268 268
867 3 3 1511 1512 268 269
868 1 1 1558 1558 268 268
870 1 1 1822 1822 268 268
872 1 1 1504 1504 269 269
874 6 6 1560 1563 269 271
875 3 3 171 172 270 271
876 1 1 1473 1473 270 270
877 1 1 1500 1500 270 270
880 1 1 1575 1575 270 270
882 1 1 1673 1673 270 270
883 3 3 1751 1753 270 270
886 2 2 1501 1502 271 271
887 1 1 1532 1532 271 271
888 2 2 1677 1677 271 272
889 2 2 1800 1801 271 271
890 4 4 1507 1509 272 273
891 1 1 1524 1524 272 272
892 1 1 1570 1570 272 272
893 95 62 1570 1591 272 282
897 1 1 1681 1681 272 272
898 1 1 1688 1688 272 272
899 1 1 1773 1773 272 272
900 1 1 1830 1830 272 272
902 1 1 1598 1598 273 273
903 1 1 1650 1650 273 273
904 1 1 1676 1676 273 273
906 1 1 1498 1498 274 274
907 292 144 1503 1558 274 288
910 4 4 1599 1599 274 277
912 8 8 1671 1675 274 276
913 1 1 1756 1756 274 274
915 1 1 1567 1567 275 275
917 2 2 1743 1744 275 275
918 1 1 1770 1770 275 275
919 1 1 1796 1796 275 275
924 6 5 1766 1768 276 278
925 3 3 184 185 277 278
926 53 47 1299 1310 277 287
928 1 1 1563 1563 277 277
929 2 2 1752 1753 277 277
931 11 10 173 177 278 281
936 1 1 1561 1561 278 278
937 1 1 1592 1592 278 278
938 1 1 1598 1598 278 278
939 1 1 1741 1741 278 278
940 8 8 1782 1786 278 281
941 3 3 167 168 279 280
943 1 1 181 181 279 279
944 1 1 189 189 279 279
946 6225 943 1389 1525 279 413
949 10 9 1593 1596 279 284
950 1 1 1604 1604 279 279
951 55 31 1622 1634 279 285
953 2 2 1664 1665 279 279
954 10 10 1723 1728 279 281
955 6 6 1735 1737 279 281
956 3 3 1831 1833 279 279
960 3 3 1653 1653 280 282
962 3 3 1775 1777 280 280
963 41 32 1785 1801 280 284
964 1 1 186 186 281 281
965 6 6 290 293 281 282
966 3 3 1495 1496 281 282
968 1 1 1587 1587 281 281
969 3 3 1619 1620 281 282
970 2 2 1642 1643 281 281
972 1 1 210 210 282 282
976 1 1 1645 1645 282 282
977 1 1 1659 1659 282 282
978 1 1 1729 1729 282 282
980 1 1 191 191 283 283
981 1 1 211 211 283 283
982 1 1 221 221 283 283
983 3 3 1298 1298 283 285
986 1 1 1649 1649 283 283
987 12 10 1654 1658 283 285
988 2 2 1779 1780 283 283
989 1 1 217 217 284 284
991 1 1 225 225 285 285
994 1 1 1500 1500 285 285
995 1 1 1662 1662 285 285
996 1 1 1671 1671 285 285
997 2 2 1723 1723 285 286
998 2 2 209 210 286 286
999 3 3 276 277 286 287
1000 1 1 463 463 286 286
1001 3 3 509 511 286 286
1002 1 1 515 515 286 286
1004 1 1 1329 1329 286 286
1007 5 5 1557 1558 286 289
1008 22 19 1563 1574 286 289
1010 4 4 1320 1323 287 287
1011 15 14 1385 1390 287 292
1013 37 25 1663 1674 287 294
1014 8 8 259 265 288 289
1015 1 1 1328 1328 288 288
1016 1 1 1463 1463 288 288
1017 5 5 1512 1513 288 290
1018 1 1 1584 1584 288 288
1020 1 1 1675 1675 288 288
1021 1 1 1720 1720 288 288
1023 2 2 270 270 289 290
1024 2 2 1335 1336 289 289
1025 1 1 1456 1456 289 289
1026 1 1 1507 1507 289 289
1029 1 1 1715 1715 289 289
1030 4 4 256 256 290 293
1031 1 1 435 435 290 290
1032 1 1 1457 1457 290 290
1033 2 2 1504 1505 290 290
1034 1 1 1556 1556 290 290
1035 11 11 184 192 291 292
1037 7 7 277 280 291 292
1038 215 87 399 433 291 302
1042 1 1 1499 1499 291 291
1043 3 3 1515 1517 291 291
1044 2 2 1554 1555 291 291
1045 9938 1781 1483 1700 291 396
1048 1 1 1661 1661 291 291
1051 1 1 516 516 292 292
1052 858 271 1309 1363 292 339
1054 4 4 1503 1503 292 295
1055 1 1 1551 1551 292 292
1056 1 1 1662 1662 292 292
1057 1 1 1678 1678 292 292
1058 1 1 1729 1729 292 292
1059 1 1 263 263 293 293
1060 55 39 310 324 293 303
1062 4 4 491 493 293 294
1063 22 20 495 504 293 296
1064 6 6 525 528 293 294
1068 10 10 1520 1525 293 296
1071 1 1 1679 1679 293 293
1072 1 1 225 225 294 294
1073 5 5 258 262 294 294
1075 1 1 477 477 294 294
1085 1 1 529 529 295 295
1087 1 1 1350 1350 295 295
1088 1 1 1507 1507 295 295
1093 1 1 291 291 296 296
1094 1 1 384 384 296 296
1095 1 1 764 764 296 296
1099 10 10 509 517 297 298
1100 1 1 789 789 297 297
1102 35 26 1510 1519 297 305
1103 1 1 763 763 298 298
1104 4 4 799 802 298 298
1106 2 2 1356 1357 298 298
1109 3 3 224 226 299 299
1110 14 13 260 266 299 303
1111 2 2 518 519 299 299
1112 4 4 812 815 299 299
1115 67 35 1368 1373 299 313
1119 1 1 1590 1590 299 299
1120 3 3 462 464 300 300
1121 1 1 762 762 300 300
1122 2 2 824 825 300 300
1128 22 15 290 296 301 304
1129 3 3 302 304 301 301
1131 1 1 379 379 301 301
1132 2 2 383 384 301 301
1134 5 5 453 456 301 302
1135 1 1 486 486 301 301
1136 6 6 838 843 301 301
1140 1 1 1591 1591 301 301
1143 1 1 394 394 302 302
1144 42 42 847 882 302 304
1148 3 3 305 306 303 304
1149 1 1 1291 1291 303 303
1152 1 1 1697 1697 303 303
1153 1 1 1289 1289 304 304
1154 1 1 1297 1297 304 304
1158 1 1 1696 1696 304 304
1159 1 1 258 258 305 305
1160 1 1 309 309 305 305
1164 4 4 1694 1695 305 307
1165 2 2 260 261 306 306
1166 1 1 1287 1287 306 306
1168 1 1 1560 1560 306 306
1170 1 1 435 435 307 307
1171 2 2 760 760 307 308
1178 10 10 469 474 308 311
1183 1 1 1281 1281 309 309
1188 3 3 459 461 310 310
1189 16 15 1284 1294 310 312
1191 5 5 1594 1594 310 314
1193 2 2 759 759 311 312
1194 10 10 963 972 311 311
1195 10 9 1265 1270 311 313
1197 7 6 1298 1300 311 313
1200 7 7 424 428 312 313
1201 1 1 432 432 312 312
1202 1 1 456 456 312 312
1203 1 1 467 467 312 312
1204 1 1 520 520 312 312
1205 4 4 978 981 312 312
1210 1 1 389 389 313 313
1211 2 2 420 421 313 313
1212 2 2 464 465 313 313
1213 4 4 987 990 313 313
1219 1 1 1698 1698 313 313
1220 8 8 268 273 314 316
1221 7 7 1002 1008 314 314
1222 1 1 1291 1291 314 314
1223 1 1 1386 1386 314 314
1224 2 2 1392 1393 314 314
1233 3 3 276 277 315 316
1234 1 1 1010 1010 315 315
1235 1 1 1294 1294 315 315
1238 16 16 1697 1701 315 323
1239 3 3 1019 1021 316 316
1240 1 1 1284 1284 316 316
1243 2 2 1029 1030 317 317
1246 2 2 1521 1522 317 317
1248 1 1 443 443 318 318
1249 45 32 1041 1057 318 322
1250 1 1 1290 1290 318 318
1251 2 2 1394 1395 318 318
1253 3 3 1505 1507 318 318
1256 1 1 1608 1608 318 318
1259 6 6 569 572 319 321
1261 187 105 1385 1407 319 339
1263 1 1 1517 1517 319 319
1264 6 6 435 436 320 322
1265 2 2 537 538 320 320
1266 6 6 576 581 320 320
1267 1 1 756 756 320 320
1271 1 1 623 623 321 321
1272 8 8 723 730 321 321
1274 3 3 1077 1078 321 322
1275 2 2 1362 1362 321 322
1279 1 1 404 404 322 322
1280 1 1 721 721 322 322
1281 1 1 734 734 322 322
1282 1 1 1275 1275 322 322
1285 1 1 1494 1494 322 322
1288 1 1 514 514 323 323
1289 2 2 711 712 323 323
1297 3 3 459 459 324 326
1298 2 2 516 517 324 324
1299 1 1 695 695 324 324
1300 2 2 1091 1092 324 324
1303 6 6 606 610 325 326
1304 1 1 1094 1094 325 325
1305 3 3 1242 1243 325 326
1306 5 5 1247 1248 325 327
1307 16 13 579 583 326 330
1309 1 1 685 685 326 326
1310 33 18 1346 1352 326 332
1311 6 6 525 528 327 329
1312 26 25 604 614 327 332
1316 1 1 679 679 328 328
1317 16 16 1273 1277 328 335
1318 77 33 1324 1331 328 341
1319 1 1 1342 1342 328 328
1324 5 5 725 727 329 331
1325 2 2 745 745 329 330
1326 23 21 752 757 329 338
1327 7 7 1268 1270 329 331
1330 4 4 1363 1363 329 332
1338 1 1 462 462 331 331
1339 109 69 500 519 331 343
1340 1 1 543 543 331 331
1341 344 150 530 577 331 354
1342 81 50 725 745 331 340
1344 2 2 1097 1098 331 331
1345 1 1 1263 1263 331 331
1346 6 6 1383 1384 331 333
1351 37 29 705 720 332 334
1358 1 1 586 586 333 333
1365 1 1 1278 1278 334 334
1366 1 1 1355 1355 334 334
1367 1 1 1362 1362 334 334
1368 1 1 1494 1494 334 334
1369 1 1 634 634 335 335
1370 1 1 639 639 335 335
1371 3 3 652 654 335 335
1372 22 18 675 682 335 339
1374 2 2 1352 1353 335 335
1376 4 4 1215 1218 336 336
1381 2 2 502 503 338 338
1382 2 2 599 600 338 338
1383 1 1 1360 1360 338 338
1386 2 2 602 603 339 339
1387 1 1 643 643 339 339
1388 16 12 1343 1346 339 343
1390 6 6 521 523 340 343
1391 1 1 604 604 340 340
1392 1 1 1352 1352 340 340
1396 791 217 597 673 341 364
1397 49 34 688 701 341 351
1398 42 28 1235 1250 341 344
1401 3 3 565 567 342 342
1404 24 23 702 717 342 344
1407 1 1 1357 1357 342 342
1414 1 1 738 738 343 343
1416 1 1 1402 1402 343 343
1420 1 1 501 501 344 344
1421 1 1 564 564 344 344
1426 1 1 1234 1234 344 344
1427 1 1 1479 1479 344 344
1430 10 10 1693 1698 344 345
1433 2 2 1346 1346 345 346
1436 89 54 578 596 346 355
1441 2 2 705 705 348 349
1442 631 106 1267 1307 348 373
1449 5 5 747 748 350 353
1451 13 13 546 552 351 354
1452 15 14 692 699 351 354
1464 1 1 555 555 354 354
1465 3 3 746 746 354 356
1468 11 9 886 890 355 358
1471 2888 725 597 700 356 445
1472 2 2 719 720 356 356
1476 2 2 716 717 357 357
1479 1 1 714 714 358 358
1487 1 1 698 698 362 362
1492 129 76 694 723 364 375
1493 16 14 1397 1399 364 370
1496 18 13 606 611 365 369
1499 4 4 1013 1014 365 366
1506 3 3 1503 1503 366 368
1520 1 1 724 724 370 370
1525 10 10 722 726 371 375
1529 2 2 741 741 372 373
1530 3 3 1551 1551 372 374
1536 2 2 740 740 374 375
1540 20 18 684 691 375 379
1546 3 3 1398 1398 376 378
1551 1 1 1354 1354 377 377
1556 2359 309 1175 1255 380 431
1559 6 6 1352 1355 381 382
1565 7 7 679 684 383 384
1566 1 1 1248 1248 383 383
1567 2 2 1349 1350 383 383
1568 1 1 1362 1362 383 383
1570 3 3 1641 1642 383 384
1573 1 1 699 699 387 387
1575 2 2 1917 1918 387 387
1576 3 3 0 4095 388 388
1577 2 2 701 702 388 388
1580 15 14 679 685 389 394
1585 2 2 1569 1570 391 391
1587 23 23 1907 4095 391 393
1588 111 80 676 706 392 407
1589 38 23 1290 1300 392 396
1590 29 19 1303 1310 392 396
1594 175 92 869 913 393 403
1603 16 16 1627 1633 394 401
1609 1 1 1590 1590 395 395
1610 2 2 1605 1605 395 396
1614 60 51 837 865 397 400
1617 1 1 1587 1587 397 397
1619 16458 2507 1490 1918 397 575
1621 117 117 0 4095 398 436
1626 48 38 812 832 399 405
1629 207 83 1316 1345 399 411
1653 2 2 699 700 403 403
1655 3 3 1359 1360 403 404
1657 5 5 1571 1573 403 405
1658 1 1 698 698 404 404
1659 4 4 765 767 404 405
1661 1 1 1611 1611 404 404
1663 2 2 923 923 405 406
1664 3 3 1078 1080 405 405
1666 1 1 1596 1596 405 405
1674 3 3 803 805 407 407
1675 2 2 924 925 407 407
1677 30 21 1354 1363 407 414
1679 1 1 1578 1578 407 407
1681 3 3 806 808 408 408
1682 169 79 902 940 408 417
1685 1 1 1566 1566 408 408
1686 2 2 1623 1623 408 409
1688 1 1 678 678 409 409
1689 6 6 819 822 409 410
1691 6 6 1586 1589 409 410
1693 2 2 629 630 410 410
1703 1 1 823 823 412 412
1713 83 52 982 1008 413 417
1715 1 1 1575 1575 413 413
1718 22 16 626 633 414 417
1720 1 1 825 825 414 414
1724 5 5 1410 1414 414 414
1727 1 1 826 826 415 415
1733 1 1 694 694 416 416
1734 5 5 751 754 416 417
1735 3 3 827 828 416 417
1739 1 1 692 692 417 417
1740 2 2 747 748 417 417
1741 1 1 1089 1089 417 417
1742 29 20 1574 1579 417 422
1744 10319 1445 0 4095 418 507
1745 190 51 583 599 418 434
1747 33 33 780 808 418 420
1748 4 4 1145 1147 418 419
1750 207 83 1292 1314 418 437
1766 1 1 690 690 420 420
1768 402 129 1251 1276 420 466
1773 36 22 770 779 421 424
1778 19 19 818 832 422 424
1797 3 3 1038 1040 425 425
1806 1 1 642 642 427 427
1813 15 10 770 774 428 432
1825 4 4 647 649 430 431
1831 1 1 624 624 431 431
1833 13 10 860 864 431 433
1834 1 1 903 903 431 431
1835 1 1 1002 1002 431 431
1839 2 2 651 652 432 432
1842 48 31 1005 1009 433 447
1848 8 7 653 655 435 437
1849 24 18 1106 1114 435 438
1857 1 1 648 648 437 437
1862 11 11 631 637 438 440
1863 4 4 649 652 438 438
1871 10 10 771 772 439 447
1873 17 15 1298 1306 439 441
1874 86 60 1892 1918 439 444
1881 1 1 675 675 440 440
1887 1 1 1287 1287 441 441
1894 3 3 644 646 442 442
1898 1 1 642 642 443 443
1899 685 210 1271 1319 443 472
1903 1 1 666 666 445 445
1904 4 4 1295 1296 445 447
1912 1 1 661 661 448 448
1913 1 1 659 659 449 449
1914 84 43 1188 1202 449 459
1916 20 15 1724 1730 449 451
1920 29 20 626 635 451 455
1925 1 1 1164 1164 452 452
1927 1 1 1296 1296 452 452
1929 64 33 651 666 453 459
1930 1 1 1167 1167 453 453
1931 1 1 1179 1179 453 453
1941 38 25 1093 1104 455 458
1945 6 5 1154 1156 456 458
1948 1 1 120 120 457 457
1949 2 2 337 338 457 457
1950 2 2 936 937 457 457
1952 82 44 1166 1187 457 462
1964 1 1 99 99 460 460
1965 59 32 164 178 460 466
1967 17 15 474 480 460 462
1968 32 20 800 805 460 466
1972 1 1 123 123 463 463
1973 1 1 315 315 463 463
1974 17 17 769 771 463 469
1977 1 1 120 120 465 465
1978 3 3 1133 1135 465 465
1980 381 106 747 784 466 493
1982 8 8 1146 1152 466 467
1985 1 1 861 861 467 467
1986 15 15 1203 1212 467 468
1987 16 16 1216 1225 467 468
1993 59 39 1182 1202 469 472
2001 1 1 1292 1292 470 470
2010 241 132 1433 1487 473 483
2012 23 20 278 289 474 476
2013 9 9 426 430 474 478
2018 32 20 1106 1115 476 479
2022 2 2 1560 1561 476 476
2023 4 4 436 438 477 478
2034 8 8 216 222 480 481
2040 29 17 296 302 481 486
2041 2 2 419 420 481 481
2044 3 3 1568 1569 481 482
2045 1 1 456 456 482 482
2047 1 1 172 172 483 483
2049 1 1 786 786 483 483
2052 2 2 1105 1105 485 486
2054 38 23 806 818 486 490
2055 211 99 865 913 486 490
2058 11 10 228 232 487 490
2062 23 23 961 973 488 490
2063 3 3 1502 1503 488 489
2064 5 5 1527 1531 488 488
2067 607 188 17 92 490 506
2068 5 4 1325 1327 490 492
2071 9 8 227 229 492 495
2072 1 1 1317 1317 492 492
2075 9 8 1318 1321 493 495
2076 13 13 1443 1446 493 498
2080 45 25 1310 1315 495 506
2082 182 62 213 235 496 509
2083 3 3 771 773 496 496
2084 3 3 1107 1109 496 496
2092 93 62 97 128 501 504
2093 40 35 157 173 501 506
2096 92 45 254 259 501 521
2097 17 13 716 721 501 503
2098 5 5 771 772 501 503
2099 232 99 1028 1068 501 512
2104 2 2 1164 1164 502 503
2105 1 1 1173 1173 502 502
2106 5 5 1508 1509 502 504
2108 1 1 175 175 503 503
2111 2 2 1098 1098 503 504
2112 3 3 1533 1534 503 504
2113 3 3 1560 1561 503 504
2118 2 2 128 129 506 506
2119 2 2 264 265 506 506
2121 10 10 132 141 507 507
2124 2 2 674 675 507 507
2125 15 15 1015 1024 507 510
2126 1 1 1170 1170 507 507
2129 192 70 1162 1184 508 525
2130 1 1 1302 1302 508 508
2132 1 1 1303 1303 509 509
2133 173 55 1298 1318 509 521
2135 35 23 1146 1156 510 516
2140 3 3 1509 1509 511 513
2141 4 4 675 678 512 512
2142 3 3 1026 1027 512 513
2143 1 1 1050 1050 512 512
2144 1 1 1143 1143 512 512
2147 3 3 662 664 513 513
2148 1 1 671 671 513 513
2149 2 2 679 680 513 513
2152 2 2 1533 1533 513 514
2153 6 6 657 660 514 516
2154 2 2 1157 1158 514 514
2156 5 5 435 439 515 515
2157 8 7 1022 1025 515 517
2158 7 7 1035 1038 515 517
2160 10 9 1044 1047 516 519
2162 2 2 650 651 517 517
2163 1 1 662 662 517 517
2165 1573 282 596 709 518 538
2168 2 2 1053 1053 518 519
2171 2 2 1017 1017 519 520
2172 16 15 1031 1033 519 527
2173 10 10 235 241 520 521
2174 2 2 1095 1095 520 521
2180 8 8 412 419 522 522
2181 79 64 427 460 522 527
2182 5 5 578 580 522 523
2183 3 3 586 588 522 522
2188 41 29 356 369 523 528
2190 1 1 584 584 523 523
2191 13 13 713 720 523 524
2192 599 209 917 1014 524 541
2193 81 41 1014 1032 524 533
2206 149 73 1127 1160 528 538
2215 7 7 363 366 531 534
2219 1 1 1044 1044 531 531
2236 2 2 957 958 539 539
2239 1 1 17 17 541 541
2240 7 7 1475 1481 541 541
2241 144 55 186 205 542 556
2243 2 2 720 720 543 544
2244 15 13 743 750 543 546
2245 24 18 1130 1136 543 548
2246 56 41 1148 1159 543 552
2247 1 1 1164 1164 543 543
2248 6 6 729 733 545 546
2250 14 12 1139 1144 545 548
2252 12 12 26 34 547 548
2260 7 7 1164 1167 552 553
2261 1 1 447 447 556 556
2262 103 53 1896 4095 556 562
2264 1 1 12 12 557 557
2265 1 1 429 429 558 558
2266 2 2 398 399 561 561
2267 6 6 0 4095 562 563
2268 149 63 2 26 562 571
2272 1 1 768 768 564 564
2273 18 18 312 326 569 570
2275 32 30 271 289 572 575
2280 103 72 1549 1585 576 579
2282 8 8 237 241 577 579
2284 59 56 1517 1548 578 583
2285 2 2 224 225 579 579
2286 10 10 1437 1446 581 581
2287 254 128 1454 1527 581 589
2290 6 6 745 748 582 583
2291 16 16 755 768 582 583
2294 1 1 728 728 583 583
2295 1 1 742 742 583 583
2298 10 9 695 699 584 587
2299 2 2 713 714 584 584
2302 376 140 1557 1605 585 597
2305 3 3 1534 1536 587 587
2307 2 2 668 669 588 588
2309 1 1 654 654 589 589
2310 1 1 665 665 589 589
2312 685 135 1648 1712 590 604
2313 1 1 623 623 591 591
2318 1 1 573 573 596 596
2319 1 1 596 596 596 596
2321 1 1 564 564 597 597
2322 1 1 585 585 597 597
2323 761 154 1756 1824 600 614
2324 44 24 2 12 602 607
2327 208 72 1889 1918 608 619
2328 32 32 0 4095 610 620
2334 5 5 1758 1762 761 761
2335 1 1 1740 1740 763 763
2336 9 9 1204 1212 809 809
2337 4 4 1904 1906 820 821
2339 2 2 1836 1837 826 826
2340 11 11 1229 1237 829 830
2341 1 1 1857 1857 829 829
2342 12 12 1239 1246 830 831
2344 4 4 1901 1903 831 832
2345 1 1 1299 1299 832 832
2346 9 9 1264 1272 833 833
2347 1 1 1302 1302 833 833
2348 4 4 1868 1870 833 834
2349 2 2 1187 1188 834 834
2350 25 20 1228 1239 834 837
2351 4 4 1280 1283 834 834
2352 20 20 1322 1341 834 834
2354 3 3 1178 1180 835 835
2355 6 6 1244 1247 835 836
2356 12 12 1342 1353 835 835
2358 1 1 1848 1848 839 839
2359 6 6 1199 1203 842 843
2361 13 13 1353 1359 844 845
2362 1 1 1914 1914 845 845
2363 1 1 1188 1188 853 853
2364 2 2 1201 1202 854 854
2365 1 1 427 427 876 876
2366 2 2 1200 1200 877 878
2367 1 1 290 290 887 887
2368 2 2 402 403 1016 1016
2369 40 37 404 424 1017 1020
