# label area perimeter xmin xmax ymin ymax width height spatial_area pass_area pass_dims pass_pix_area pass_aspect pass_circ pass_fill pass_fill_min
1 32572 6454 1625 1919 2 248 294 246 72324 1 1 1 1 0 1 1
404 21777 1862 818 1083 175 308 265 133 35245 1 1 1 1 0 0 1
1619 16502 2514 1490 1919 397 575 429 178 76362 1 1 1 0 0 1 0
1744 10315 1441 0 338 418 507 338 89 30082 1 1 1 0 0 1 1
1045 9935 1778 1483 1700 291 396 217 105 22785 1 1 1 1 0 1 1
946 6223 941 1389 1525 279 413 136 134 18224 1 1 1 1 0 1 1
1471 2888 725 597 700 356 445 103 89 9167 1 1 1 1 0 1 1
1556 2359 309 1175 1255 380 431 80 51 4080 1 1 1 1 1 1 1
2165 1573 282 596 709 518 538 113 20 2260 1 0 1 0 1 0 1
5 1459 408 1818 1908 5 39 90 34 3060 1 1 1 0 1 1 1
262 899 284 1500 1540 141 189 40 48 1920 1 1 1 1 1 1 1
1052 858 271 1309 1363 292 339 54 47 2538 1 1 1 1 1 1 1
1396 789 215 598 673 341 364 75 23 1725 1 0 1 0 1 1 1
2323 761 154 1756 1824 600 614 68 14 952 1 0 1 0 1 0 1
1899 685 210 1271 1319 443 472 48 29 1392 1 0 1 0 1 1 1
2312 685 135 1648 1712 590 604 64 14 896 1 0 1 0 1 0 1
464 669 300 1485 1544 187 215 59 28 1652 1 0 1 0 0 1 1
1442 631 106 1267 1307 348 373 40 25 1000 1 0 1 0 1 0 1
2067 607 188 17 92 490 506 75 16 1200 1 0 1 0 1 1 1
2192 601 211 917 1015 524 541 98 17 1666 1 0 1 0 1 1 1
700 580 165 1310 1368 236 259 58 23 1334 1 0 1 0 1 1 1
1768 402 129 1251 1276 420 466 25 46 1150 1 0 1 0 1 1 1
1980 385 110 747 784 466 493 37 27 999 1 0 1 0 1 1 1
2302 376 140 1557 1605 585 597 48 12 576 1 0 1 0 1 0 1
1341 344 150 530 577 331 354 47 23 1081 1 0 1 0 1 1 1
907 292 144 1503 1558 274 288 55 14 770 1 0 0 0 1 1 1
3 288 112 1873 1912 2 22 39 20 780 1 0 0 0 1 1 1
2287 254 128 1454 1527 581 589 73 8 584 1 0 0 0 1 1 1
828 249 128 1824 1880 262 271 56 9 504 1 0 0 0 1 1 1
701 241 134 1451 1478 236 263 27 27 729 1 0 0 1 1 1 1
2010 241 132 1433 1487 473 483 54 10 540 1 0 0 0 1 1 1
2099 232 99 1028 1068 501 512 40 11 440 1 0 0 0 1 1 1
2327 218 74 1889 1919 608 619 30 11 330 1 0 0 0 1 0 1
1038 215 87 399 433 291 302 34 11 374 1 0 0 0 1 1 1
2055 211 99 865 913 486 490 48 4 192 0 0 0 0 1 0 1
1629 207 83 1316 1345 399 411 29 12 348 1 0 0 0 1 1 1
1750 207 83 1292 1314 418 437 22 19 418 1 0 0 1 1 1 1
1261 193 111 1385 1408 319 339 23 20 460 1 0 0 1 1 1 1
2129 192 70 1162 1184 508 525 22 17 374 1 0 0 1 1 1 1
1745 190 51 583 599 418 434 16 16 256 0 0 0 1 1 0 1
241 185 87 1443 1471 135 148 28 13 364 1 0 0 0 1 1 1
2082 182 62 213 235 496 509 22 13 286 0 0 0 0 1 0 1
1594 175 92 869 913 393 403 44 10 440 1 0 0 0 1 1 1
2133 173 55 1298 1318 509 521 20 12 240 0 0 0 0 1 0 1
1682 169 79 902 940 408 417 38 9 342 1 0 0 0 1 1 1
627 164 91 1509 1533 216 230 24 14 336 1 0 0 0 1 1 1
714 162 90 1368 1389 241 259 21 18 378 1 0 0 1 1 1 1
756 158 104 1562 1584 251 268 22 17 374 1 0 0 1 1 1 1
2206 149 73 1127 1160 528 538 33 10 330 1 0 0 0 1 1 1
2268 149 63 2 26 562 571 24 9 216 0 0 0 0 1 0 1
378 147 64 1415 1432 169 181 17 12 204 0 0 0 0 1 0 1
2241 144 55 186 205 542 556 19 14 266 0 0 0 0 1 1 1
356 139 62 1484 1498 164 183 14 19 266 0 0 0 0 1 1 1
1492 129 76 694 723 364 375 29 11 319 1 0 0 0 1 1 1
1588 111 80 676 706 392 407 30 15 450 1 0 0 0 1 1 1
1339 109 69 500 519 331 343 19 12 228 0 0 0 0 1 1 1
2262 105 54 1896 1919 556 562 23 6 138 0 0 0 0 1 0 1
2280 103 72 1549 1585 576 579 36 3 108 0 0 0 0 1 0 1
893 95 62 1570 1591 272 282 21 10 210 0 0 0 0 1 1 1
2092 93 62 97 128 501 504 31 3 93 0 0 0 0 1 0 1
2096 92 45 254 259 501 521 5 20 100 0 0 0 0 1 0 1
1436 91 56 578 597 346 355 19 9 171 0 0 0 0 1 1 1
1874 90 64 1892 1919 439 444 27 5 135 0 0 0 0 1 0 1
853 88 57 1652 1669 265 278 17 13 221 0 0 0 1 1 1 1
541 84 48 1471 1486 201 213 15 12 180 0 0 0 1 1 1 1
1914 84 43 1188 1202 449 459 14 10 140 0 0 0 0 1 1 1
1713 83 52 982 1008 413 417 26 4 104 0 0 0 0 1 0 1
1952 82 44 1166 1187 457 462 21 5 105 0 0 0 0 1 0 1
1342 81 50 725 745 331 340 20 9 180 0 0 0 0 1 1 1
2181 79 64 427 460 522 527 33 5 165 0 0 0 0 1 1 1
2193 79 39 1014 1032 524 533 18 9 162 0 0 0 0 1 1 1
1621 78 78 0 1 398 436 1 38 38 0 0 0 0 1 0 1
1318 77 33 1324 1331 328 341 7 13 91 0 0 0 0 1 0 1
422 76 76 0 1 179 216 1 37 37 0 0 0 0 1 0 1
120 68 68 0 1 80 113 1 33 33 0 0 0 0 1 0 1
1115 67 35 1368 1373 299 313 5 14 70 0 0 0 0 1 0 1
212 64 30 1527 1537 128 136 10 8 80 0 0 0 1 1 0 1
1929 64 33 651 666 453 459 15 6 90 0 0 0 0 1 0 1
1614 60 51 837 865 397 400 28 3 84 0 0 0 0 1 0 1
1965 59 32 164 178 460 466 14 6 84 0 0 0 0 1 0 1
1993 59 39 1182 1202 469 472 20 3 60 0 0 0 0 1 0 1
2284 59 56 1517 1548 578 583 31 5 155 0 0 0 0 1 1 1
530 56 34 1462 1473 199 209 11 10 110 0 0 0 1 1 1 1
2246 56 41 1148 1159 543 552 11 9 99 0 0 0 1 1 1 1
951 55 31 1622 1634 279 285 12 6 72 0 0 0 0 1 0 1
1060 55 39 310 324 293 303 14 10 140 0 0 0 0 1 1 1
926 53 47 1299 1310 277 287 11 10 110 0 0 0 1 1 1 1
735 49 30 1681 1690 246 255 9 9 81 0 0 0 1 1 0 1
1397 49 34 688 701 341 351 13 10 130 0 0 0 1 1 1 1
1626 48 38 812 832 399 405 20 6 120 0 0 0 0 1 1 1
1842 48 31 1005 1009 433 447 4 14 56 0 0 0 0 1 0 1
848 47 27 1478 1484 265 275 6 10 60 0 0 0 0 1 0 1
302 45 41 1466 1482 152 159 16 7 112 0 0 0 0 1 1 1
1249 45 32 1041 1057 318 322 16 4 64 0 0 0 0 1 0 1
2080 45 25 1310 1315 495 506 5 11 55 0 0 0 0 1 0 1
2324 44 24 2 12 602 607 10 5 50 0 0 0 0 1 0 1
487 43 33 1474 1483 190 200 9 10 90 0 0 0 1 1 1 1
1144 42 42 847 882 302 304 35 2 70 0 0 0 0 1 1 1
1398 42 28 1235 1250 341 344 15 3 45 0 0 0 0 1 0 1
963 41 32 1785 1801 280 284 16 4 64 0 0 0 0 1 0 1
2188 41 29 356 369 523 528 13 5 65 0 0 0 0 1 0 1
469 40 32 1463 1472 188 197 9 9 81 0 0 0 1 1 1 1
2093 40 35 157 173 501 506 16 5 80 0 0 0 0 1 1 1
2369 40 37 404 424 1017 1020 20 3 60 0 0 0 0 1 0 1
234 39 36 1904 1919 132 139 15 7 105 0 0 0 0 1 1 1
1589 38 23 1290 1300 392 396 10 4 40 0 0 0 0 1 0 1
1941 38 25 1093 1104 455 458 11 3 33 0 0 0 0 1 0 1
2054 38 23 806 818 486 490 12 4 48 0 0 0 0 1 0 1
1013 37 25 1663 1674 287 294 11 7 77 0 0 0 0 1 1 1
1351 37 29 705 720 332 334 15 2 30 0 0 0 0 1 0 1
1773 36 22 770 779 421 424 9 3 27 0 0 0 0 1 0 1
1102 35 26 1510 1519 297 305 9 8 72 0 0 0 1 1 1 1
2135 35 23 1146 1156 510 516 10 6 60 0 0 0 0 1 1 1
647 34 34 0 1 220 236 1 16 16 0 0 0 0 1 0 1
1310 33 18 1346 1352 326 332 6 6 36 0 0 0 1 1 0 1
1747 33 33 780 808 418 420 28 2 56 0 0 0 0 1 1 1
1968 32 20 800 805 460 466 5 6 30 0 0 0 1 1 0 1
2018 32 20 1106 1115 476 479 9 3 27 0 0 0 0 1 0 1
2275 32 30 271 289 572 575 18 3 54 0 0 0 0 1 1 1
225 31 20 1517 1527 131 137 10 6 60 0 0 0 0 1 1 1
1677 30 21 1354 1363 407 414 9 7 63 0 0 0 1 1 1 1
363 29 28 1558 1571 165 167 13 2 26 0 0 0 0 1 0 1
1590 29 19 1303 1310 392 396 7 4 28 0 0 0 0 1 0 1
1920 29 20 626 635 451 455 9 4 36 0 0 0 0 1 0 1
2040 29 17 296 302 481 486 6 5 30 0 0 0 1 1 0 1
106 26 18 1907 1915 71 75 8 4 32 0 0 0 0 1 0 1
779 26 24 1896 1905 253 257 9 4 36 0 0 0 0 1 0 1
1312 26 25 604 614 327 332 10 5 50 0 0 0 0 1 1 1
2350 25 20 1228 1239 834 837 11 3 33 0 0 0 0 1 0 1
255 24 22 1473 1480 139 146 7 7 49 0 0 0 1 1 1 1
1404 24 23 702 717 342 344 15 2 30 0 0 0 0 1 0 1
1742 24 15 1575 1579 417 422 4 5 20 0 0 0 1 1 0 1
1849 24 18 1106 1114 435 438 8 3 24 0 0 0 0 1 0 1
2245 24 18 1130 1136 543 548 6 5 30 0 0 0 1 1 0 1
832 23 21 1514 1522 263 271 8 8 64 0 0 0 1 1 1 1
1326 23 21 752 757 329 338 5 9 45 0 0 0 0 1 1 1
1587 23 23 1907 1919 391 392 12 1 12 0 0 0 0 1 0 1
2012 23 20 278 289 474 476 11 2 22 0 0 0 0 1 0 1
2062 23 23 961 973 488 490 12 2 24 0 0 0 0 1 0 1
354 22 22 0 1 164 174 1 10 10 0 0 0 0 1 0 1
551 22 15 1398 1404 204 208 6 4 24 0 0 0 0 1 0 1
1008 22 19 1563 1574 286 289 11 3 33 0 0 0 0 1 0 1
1063 22 20 495 504 293 296 9 3 27 0 0 0 0 1 0 1
1128 22 15 290 296 301 304 6 3 18 0 0 0 0 1 0 1
1372 22 18 675 682 335 339 7 4 28 0 0 0 0 1 0 1
1718 22 16 626 633 414 417 7 3 21 0 0 0 0 1 0 1
2328 22 22 0 1 610 620 1 10 10 0 0 0 0 1 0 1
1540 20 18 684 691 375 379 7 4 28 0 0 0 0 1 0 1
1916 20 15 1724 1730 449 451 6 2 12 0 0 0 0 1 0 1
2352 20 20 1322 1341 834 834 19 0 0 0 0 0 0 1 0 0
804 19 14 1605 1610 258 261 5 3 15 0 0 0 0 1 0 1
865 19 14 1490 1496 268 271 6 3 18 0 0 0 0 1 0 1
1778 19 19 818 832 422 424 14 2 28 0 0 0 0 1 0 1
1496 18 13 606 611 365 369 5 4 20 0 0 0 1 1 0 1
2273 18 18 312 326 569 570 14 1 14 0 0 0 0 1 0 1
720 17 14 1383 1390 243 246 7 3 21 0 0 0 0 1 0 1
823 17 17 1469 1475 262 269 6 7 42 0 0 0 1 1 1 1
1873 17 15 1298 1306 439 441 8 2 16 0 0 0 0 1 0 1
1967 17 15 474 480 460 462 6 2 12 0 0 0 0 1 0 1
2097 17 13 716 721 501 503 5 2 10 0 0 0 0 1 0 1
31 16 15 1912 1919 19 22 7 3 21 0 0 0 0 1 0 1
197 16 13 1632 1638 116 120 6 4 24 0 0 0 0 1 0 1
251 16 14 1512 1519 138 141 7 3 21 0 0 0 0 1 0 1
514 16 14 1545 1549 196 201 4 5 20 0 0 0 1 1 0 1
633 16 13 1498 1503 217 220 5 3 15 0 0 0 0 1 0 1
1189 16 15 1284 1294 310 312 10 2 20 0 0 0 0 1 0 1
1307 16 13 579 583 326 330 4 4 16 0 0 0 1 1 0 1
1317 16 16 1273 1277 328 335 4 7 28 0 0 0 0 1 1 1
1388 16 12 1343 1346 339 343 3 4 12 0 0 0 1 1 0 1
1493 16 14 1397 1399 364 370 2 6 12 0 0 0 0 1 0 1
1603 16 16 1627 1633 394 401 6 7 42 0 0 0 1 1 1 1
1987 16 16 1216 1225 467 468 9 1 9 0 0 0 0 1 0 1
2172 16 15 1031 1033 519 527 2 8 16 0 0 0 0 1 0 1
2291 16 16 755 768 582 583 13 1 13 0 0 0 0 1 0 1
746 15 13 1913 1919 249 252 6 3 18 0 0 0 0 1 0 1
843 15 12 1525 1529 264 269 4 5 20 0 0 0 1 1 0 1
1011 15 14 1385 1390 287 292 5 5 25 0 0 0 1 1 1 1
1238 15 15 1698 1701 315 323 3 8 24 0 0 0 0 1 0 1
1452 15 14 692 699 351 354 7 3 21 0 0 0 0 1 0 1
1580 15 14 679 685 389 394 6 5 30 0 0 0 1 1 1 1
1813 15 10 770 774 428 432 4 4 16 0 0 0 1 1 0 1
1986 15 15 1203 1212 467 468 9 1 9 0 0 0 0 1 0 1
2125 15 15 1015 1024 507 510 9 3 27 0 0 0 0 1 1 1
2244 15 13 743 750 543 546 7 3 21 0 0 0 0 1 0 1
774 14 14 1421 1430 253 255 9 2 18 0 0 0 0 1 0 1
1110 14 13 260 266 299 303 6 4 24 0 0 0 0 1 1 1
2250 14 12 1139 1144 545 548 5 3 15 0 0 0 0 1 0 1
70 13 13 1821 1827 50 53 6 3 18 0 0 0 0 1 0 1
437 13 11 1540 1544 182 186 4 4 16 0 0 0 1 1 0 1
668 13 11 1680 1683 224 228 3 4 12 0 0 0 1 1 0 1
1451 13 13 546 552 351 354 6 3 18 0 0 0 0 1 0 1
1833 13 10 860 864 431 433 4 2 8 0 0 0 0 1 0 1
1974 13 13 770 771 463 469 1 6 6 0 0 0 0 1 0 1
2076 13 13 1443 1446 493 498 3 5 15 0 0 0 0 1 0 1
2191 13 13 713 720 523 524 7 1 7 0 0 0 0 1 0 1
2361 13 13 1353 1359 844 845 6 1 6 0 0 0 0 1 0 1
16 12 12 1911 1915 11 14 4 3 12 0 0 0 1 1 0 1
74 12 12 1815 1816 52 58 1 6 6 0 0 0 0 1 0 1
282 12 11 1483 1489 147 150 6 3 18 0 0 0 0 1 0 1
309 12 10 1558 1562 155 157 4 2 8 0 0 0 0 1 0 1
604 12 12 1492 1498 211 214 6 3 18 0 0 0 0 1 0 1
987 12 10 1654 1658 283 285 4 2 8 0 0 0 0 1 0 1
2252 12 12 26 34 547 548 8 1 8 0 0 0 0 1 0 1
2342 12 12 1239 1246 830 831 7 1 7 0 0 0 0 1 0 1
2356 12 12 1342 1353 835 835 11 0 0 0 0 0 0 1 0 0
931 11 10 173 177 278 281 4 3 12 0 0 0 1 1 0 1
1035 11 11 184 192 291 292 8 1 8 0 0 0 0 1 0 1
1468 11 9 886 890 355 358 4 3 12 0 0 0 1 1 0 1
1862 11 11 631 637 438 440 6 2 12 0 0 0 0 1 0 1
2058 11 10 228 232 487 490 4 3 12 0 0 0 1 1 0 1
2340 11 11 1229 1237 829 830 8 1 8 0 0 0 0 1 0 1
246 10 10 1441 1446 137 140 5 3 15 0 0 0 0 1 0 1
676 10 10 1531 1537 227 230 6 3 18 0 0 0 0 1 1 1
750 10 10 1694 1700 250 251 6 1 6 0 0 0 0 1 0 1
798 10 10 1887 1891 257 260 4 3 12 0 0 0 1 1 0 1
949 10 9 1593 1596 279 284 3 5 15 0 0 0 0 1 0 1
954 10 10 1723 1728 279 281 5 2 10 0 0 0 0 1 0 1
1068 10 10 1520 1525 293 296 5 3 15 0 0 0 0 1 0 1
1099 10 10 509 517 297 298 8 1 8 0 0 0 0 1 0 1
1178 10 10 469 474 308 311 5 3 15 0 0 0 0 1 0 1
1194 10 10 963 972 311 311 9 0 0 0 0 0 0 1 0 0
1195 10 9 1265 1270 311 313 5 2 10 0 0 0 0 1 0 1
1430 10 10 1693 1698 344 345 5 1 5 0 0 0 0 1 0 1
1525 10 10 722 726 371 375 4 4 16 0 0 0 1 1 0 1
1871 10 10 771 772 439 447 1 8 8 0 0 0 0 1 0 1
2121 10 10 132 141 507 507 9 0 0 0 0 0 0 1 0 0
2160 10 9 1044 1047 516 519 3 3 9 0 0 0 1 1 0 1
2173 10 10 235 241 520 521 6 1 6 0 0 0 0 1 0 1
2286 10 10 1437 1446 581 581 9 0 0 0 0 0 0 1 0 0
2298 10 9 695 699 584 587 4 3 12 0 0 0 1 1 0 1
105 9 9 1722 1726 70 71 4 1 4 0 0 0 0 1 0 1
188 9 8 1649 1652 112 114 3 2 6 0 0 0 0 1 0 1
220 9 9 1511 1514 130 132 3 2 6 0 0 0 0 1 0 1
250 9 9 1481 1484 138 142 3 4 12 0 0 0 1 1 0 1
577 9 9 1446 1453 207 208 7 1 7 0 0 0 0 1 0 1
790 9 9 1316 1321 256 258 5 2 10 0 0 0 0 1 0 1
797 9 9 1816 1817 257 262 1 5 5 0 0 0 0 1 0 1
852 9 9 1534 1537 265 270 3 5 15 0 0 0 0 1 1 1
2013 9 9 426 430 474 478 4 4 16 0 0 0 1 1 1 1
2071 9 8 227 229 492 495 2 3 6 0 0 0 0 1 0 1
2075 9 8 1318 1321 493 495 3 2 6 0 0 0 0 1 0 1
2336 9 9 1204 1212 809 809 8 0 0 0 0 0 0 1 0 0
2346 9 9 1264 1272 833 833 8 0 0 0 0 0 0 1 0 0
108 8 8 0 1 73 76 1 3 3 0 0 0 0 1 0 1
192 8 8 1643 1647 114 116 4 2 8 0 0 0 0 1 0 1
332 8 8 1472 1474 160 164 2 4 8 0 0 0 0 1 0 1
357 8 8 1634 1635 164 167 1 3 3 0 0 0 0 1 0 1
527 8 8 1423 1427 199 201 4 2 8 0 0 0 0 1 0 1
722 8 8 1406 1410 243 246 4 3 12 0 0 0 1 1 0 1
736 8 8 1363 1366 247 248 3 1 3 0 0 0 0 1 0 1
805 8 8 1614 1617 258 261 3 3 9 0 0 0 1 1 0 1
912 8 8 1671 1675 274 276 4 2 8 0 0 0 0 1 0 1
940 8 8 1782 1786 278 281 4 3 12 0 0 0 1 1 0 1
1014 8 8 259 265 288 289 6 1 6 0 0 0 0 1 0 1
1220 8 8 268 273 314 316 5 2 10 0 0 0 0 1 0 1
1272 8 8 723 730 321 321 7 0 0 0 0 0 0 1 0 0
1848 8 7 653 655 435 437 2 2 4 0 0 0 1 1 0 1
1982 8 8 1146 1152 466 467 6 1 6 0 0 0 0 1 0 1
2034 8 8 216 222 480 481 6 1 6 0 0 0 0 1 0 1
2157 8 7 1022 1025 515 517 3 2 6 0 0 0 0 1 0 1
2180 8 8 412 419 522 522 7 0 0 0 0 0 0 1 0 0
2282 8 8 237 241 577 579 4 2 8 0 0 0 0 1 0 1
66 7 7 1850 1855 48 49 5 1 5 0 0 0 0 1 0 1
547 7 7 1536 1537 203 207 1 4 4 0 0 0 0 1 0 1
552 7 7 1410 1414 204 206 4 2 8 0 0 0 0 1 0 1
636 7 7 1820 1825 217 218 5 1 5 0 0 0 0 1 0 1
684 7 7 1826 1830 228 229 4 1 4 0 0 0 0 1 0 1
770 7 7 1310 1313 253 255 3 2 6 0 0 0 0 1 0 1
1037 7 7 277 280 291 292 3 1 3 0 0 0 0 1 0 1
1197 7 6 1298 1300 311 313 2 2 4 0 0 0 1 1 0 1
1200 7 7 424 428 312 313 4 1 4 0 0 0 0 1 0 1
1221 7 7 1002 1008 314 314 6 0 0 0 0 0 0 1 0 0
1327 7 7 1268 1270 329 331 2 2 4 0 0 0 1 1 0 1
1565 7 7 679 684 383 384 5 1 5 0 0 0 0 1 0 1
2158 7 7 1035 1038 515 517 3 2 6 0 0 0 0 1 0 1
2215 7 7 363 366 531 534 3 3 9 0 0 0 1 1 0 1
2240 7 7 1475 1481 541 541 6 0 0 0 0 0 0 1 0 0
2260 7 7 1164 1167 552 553 3 1 3 0 0 0 0 1 0 1
263 6 6 1610 1612 141 143 2 2 4 0 0 0 1 1 0 1
381 6 6 1615 1618 169 170 3 1 3 0 0 0 0 1 0 1
535 6 6 1455 1457 200 203 2 3 6 0 0 0 0 1 0 1
553 6 6 1419 1420 204 207 1 3 3 0 0 0 0 1 0 1
697 6 6 1736 1740 234 235 4 1 4 0 0 0 0 1 0 1
747 6 6 0 1 250 252 1 2 2 0 0 0 0 1 0 1
787 6 6 1325 1327 255 258 2 3 6 0 0 0 0 1 0 1
792 6 6 1408 1410 256 258 2 2 4 0 0 0 1 1 0 1
874 6 6 1560 1563 269 271 3 2 6 0 0 0 0 1 0 1
924 6 5 1766 1768 276 278 2 2 4 0 0 0 1 1 0 1
955 6 6 1735 1737 279 281 2 2 4 0 0 0 1 1 0 1
965 6 6 290 293 281 282 3 1 3 0 0 0 0 1 0 1
1064 6 6 525 528 293 294 3 1 3 0 0 0 0 1 0 1
1136 6 6 838 843 301 301 5 0 0 0 0 0 0 1 0 0
1259 6 6 569 572 319 321 3 2 6 0 0 0 0 1 0 1
1264 6 6 435 436 320 322 1 2 2 0 0 0 0 1 0 1
1266 6 6 576 581 320 320 5 0 0 0 0 0 0 1 0 0
1303 6 6 606 610 325 326 4 1 4 0 0 0 0 1 0 1
1311 6 6 525 528 327 329 3 2 6 0 0 0 0 1 0 1
1346 6 6 1383 1384 331 333 1 2 2 0 0 0 0 1 0 1
1390 6 6 521 523 340 343 2 3 6 0 0 0 0 1 0 1
1559 6 6 1352 1355 381 382 3 1 3 0 0 0 0 1 0 1
1689 6 6 819 822 409 410 3 1 3 0 0 0 0 1 0 1
1691 6 6 1586 1589 409 410 3 1 3 0 0 0 0 1 0 1
1945 6 5 1154 1156 456 458 2 2 4 0 0 0 1 1 0 1
2153 6 6 657 660 514 516 3 2 6 0 0 0 0 1 0 1
2248 6 6 729 733 545 546 4 1 4 0 0 0 0 1 0 1
2290 6 6 745 748 582 583 3 1 3 0 0 0 0 1 0 1
2355 6 6 1244 1247 835 836 3 1 3 0 0 0 0 1 0 1
2359 6 6 1199 1203 842 843 4 1 4 0 0 0 0 1 0 1
167 5 5 1758 1762 101 101 4 0 0 0 0 0 0 1 0 0
245 5 5 1902 1903 136 139 1 3 3 0 0 0 0 1 0 1
271 5 5 1607 1609 144 146 2 2 4 0 0 0 1 1 0 1
277 5 5 1880 1882 145 146 2 1 2 0 0 0 0 1 0 1
281 5 5 1631 1634 146 147 3 1 3 0 0 0 0 1 0 1
519 5 5 1462 1464 197 199 2 2 4 0 0 0 1 1 0 1
571 5 5 1732 1736 206 206 4 0 0 0 0 0 0 1 0 0
590 5 5 1422 1424 209 210 2 1 2 0 0 0 0 1 0 1
608 5 5 1418 1419 212 215 1 3 3 0 0 0 0 1 0 1
670 5 5 1505 1507 225 226 2 1 2 0 0 0 0 1 0 1
677 5 5 1665 1668 227 228 3 1 3 0 0 0 0 1 0 1
718 5 5 1392 1396 242 242 4 0 0 0 0 0 0 1 0 0
744 5 5 1391 1394 249 250 3 1 3 0 0 0 0 1 0 1
1007 5 5 1557 1558 286 289 1 3 3 0 0 0 0 1 0 1
1017 5 5 1512 1513 288 290 1 2 2 0 0 0 0 1 0 1
1073 5 5 258 262 294 294 4 0 0 0 0 0 0 1 0 0
1134 5 5 453 456 301 302 3 1 3 0 0 0 0 1 0 1
1191 5 5 1594 1594 310 314 0 4 0 0 0 0 0 1 0 0
1306 5 5 1247 1248 325 327 1 2 2 0 0 0 0 1 0 1
1324 5 5 725 727 329 331 2 2 4 0 0 0 1 1 0 1
1449 5 5 747 748 350 353 1 3 3 0 0 0 0 1 0 1
1657 5 5 1571 1573 403 405 2 2 4 0 0 0 1 1 0 1
1724 5 5 1410 1414 414 414 4 0 0 0 0 0 0 1 0 0
1734 5 5 751 754 416 417 3 1 3 0 0 0 0 1 0 1
2064 5 5 1527 1531 488 488 4 0 0 0 0 0 0 1 0 0
2068 5 4 1325 1327 490 492 2 2 4 0 0 0 1 1 0 1
2098 5 5 771 772 501 503 1 2 2 0 0 0 0 1 0 1
2106 5 5 1508 1509 502 504 1 2 2 0 0 0 0 1 0 1
2156 5 5 435 439 515 515 4 0 0 0 0 0 0 1 0 0
2182 5 5 578 580 522 523 2 1 2 0 0 0 0 1 0 1
2334 5 5 1758 1762 761 761 4 0 0 0 0 0 0 1 0 0
28 4 4 0 1 18 19 1 1 1 0 0 0 1 1 0 1
63 4 4 1844 1847 46 46 3 0 0 0 0 0 0 1 0 0
116 4 4 1627 1630 79 79 3 0 0 0 0 0 0 1 0 0
143 4 4 1823 1826 88 88 3 0 0 0 0 0 0 1 0 0
244 4 4 1472 1474 136 137 2 1 2 0 0 0 0 1 0 1
256 4 4 1880 1881 139 141 1 2 2 0 0 0 0 1 0 1
320 4 4 1628 1630 157 158 2 1 2 0 0 0 0 1 0 1
412 4 4 1481 1484 176 176 3 0 0 0 0 0 0 1 0 0
465 4 4 1533 1535 187 188 2 1 2 0 0 0 0 1 0 1
496 4 4 1411 1414 193 193 3 0 0 0 0 0 0 1 0 0
506 4 4 1378 1381 195 195 3 0 0 0 0 0 0 1 0 0
548 4 4 1541 1544 203 203 3 0 0 0 0 0 0 1 0 0
592 4 4 1532 1535 209 209 3 0 0 0 0 0 0 1 0 0
603 4 4 1427 1429 211 212 2 1 2 0 0 0 0 1 0 1
713 4 4 1369 1372 241 241 3 0 0 0 0 0 0 1 0 0
778 4 4 1691 1693 253 254 2 1 2 0 0 0 0 1 0 1
788 4 4 1415 1416 255 256 1 1 1 0 0 0 1 1 0 1
835 4 4 1766 1768 263 264 2 1 2 0 0 0 0 1 0 1
890 4 4 1507 1509 272 273 2 1 2 0 0 0 0 1 0 1
910 4 4 1599 1599 274 277 0 3 0 0 0 0 0 1 0 0
1010 4 4 1320 1323 287 287 3 0 0 0 0 0 0 1 0 0
1030 4 4 256 256 290 293 0 3 0 0 0 0 0 1 0 0
1054 4 4 1503 1503 292 295 0 3 0 0 0 0 0 1 0 0
1062 4 4 491 493 293 294 2 1 2 0 0 0 0 1 0 1
1104 4 4 799 802 298 298 3 0 0 0 0 0 0 1 0 0
1112 4 4 812 815 299 299 3 0 0 0 0 0 0 1 0 0
1164 4 4 1694 1695 305 307 1 2 2 0 0 0 0 1 0 1
1205 4 4 978 981 312 312 3 0 0 0 0 0 0 1 0 0
1213 4 4 987 990 313 313 3 0 0 0 0 0 0 1 0 0
1330 4 4 1363 1363 329 332 0 3 0 0 0 0 0 1 0 0
1376 4 4 1215 1218 336 336 3 0 0 0 0 0 0 1 0 0
1499 4 4 1013 1014 365 366 1 1 1 0 0 0 1 1 0 1
1659 4 4 765 767 404 405 2 1 2 0 0 0 0 1 0 1
1748 4 4 1145 1147 418 419 2 1 2 0 0 0 0 1 0 1
1825 4 4 647 649 430 431 2 1 2 0 0 0 0 1 0 1
1863 4 4 649 652 438 438 3 0 0 0 0 0 0 1 0 0
1904 4 4 1295 1296 445 447 1 2 2 0 0 0 0 1 0 1
2023 4 4 436 438 477 478 2 1 2 0 0 0 0 1 0 1
2141 4 4 675 678 512 512 3 0 0 0 0 0 0 1 0 0
2267 4 4 0 1 562 563 1 1 1 0 0 0 1 1 0 1
2337 4 4 1904 1906 820 821 2 1 2 0 0 0 0 1 0 1
2344 4 4 1901 1903 831 832 2 1 2 0 0 0 0 1 0 1
2348 4 4 1868 1870 833 834 2 1 2 0 0 0 0 1 0 1
2351 4 4 1280 1283 834 834 3 0 0 0 0 0 0 1 0 0
81 3 3 1838 1840 54 54 2 0 0 0 0 0 0 1 0 0
259 3 3 1622 1624 140 140 2 0 0 0 0 0 0 1 0 0
268 3 3 1485 1485 143 145 0 2 0 0 0 0 0 1 0 0
280 3 3 1614 1616 146 146 2 0 0 0 0 0 0 1 0 0
327 3 3 1604 1606 158 158 2 0 0 0 0 0 0 1 0 0
397 3 3 1507 1508 173 174 1 1 1 0 0 0 1 1 0 1
435 3 3 1423 1424 182 183 1 1 1 0 0 0 1 1 0 1
446 3 3 1425 1427 184 184 2 0 0 0 0 0 0 1 0 0
454 3 3 1537 1539 185 185 2 0 0 0 0 0 0 1 0 0
456 3 3 1787 1789 185 185 2 0 0 0 0 0 0 1 0 0
501 3 3 1404 1405 194 195 1 1 1 0 0 0 1 1 0 1
540 3 3 1409 1410 201 202 1 1 1 0 0 0 1 1 0 1
558 3 3 1496 1496 205 207 0 2 0 0 0 0 0 1 0 0
597 3 3 1412 1414 210 210 2 0 0 0 0 0 0 1 0 0
625 3 3 1414 1415 216 217 1 1 1 0 0 0 1 1 0 1
745 3 3 1544 1546 249 249 2 0 0 0 0 0 0 1 0 0
816 3 3 1438 1439 260 261 1 1 1 0 0 0 1 1 0 1
825 3 3 1561 1561 262 264 0 2 0 0 0 0 0 1 0 0
845 3 3 1821 1823 264 264 2 0 0 0 0 0 0 1 0 0
867 3 3 1511 1512 268 269 1 1 1 0 0 0 1 1 0 1
875 3 3 171 172 270 271 1 1 1 0 0 0 1 1 0 1
883 3 3 1751 1753 270 270 2 0 0 0 0 0 0 1 0 0
925 3 3 184 185 277 278 1 1 1 0 0 0 1 1 0 1
941 3 3 167 168 279 280 1 1 1 0 0 0 1 1 0 1
956 3 3 1831 1833 279 279 2 0 0 0 0 0 0 1 0 0
960 3 3 1653 1653 280 282 0 2 0 0 0 0 0 1 0 0
962 3 3 1775 1777 280 280 2 0 0 0 0 0 0 1 0 0
966 3 3 1495 1496 281 282 1 1 1 0 0 0 1 1 0 1
969 3 3 1619 1620 281 282 1 1 1 0 0 0 1 1 0 1
983 3 3 1298 1298 283 285 0 2 0 0 0 0 0 1 0 0
999 3 3 276 277 286 287 1 1 1 0 0 0 1 1 0 1
1001 3 3 509 511 286 286 2 0 0 0 0 0 0 1 0 0
1043 3 3 1515 1517 291 291 2 0 0 0 0 0 0 1 0 0
1109 3 3 224 226 299 299 2 0 0 0 0 0 0 1 0 0
1120 3 3 462 464 300 300 2 0 0 0 0 0 0 1 0 0
1129 3 3 302 304 301 301 2 0 0 0 0 0 0 1 0 0
1148 3 3 305 306 303 304 1 1 1 0 0 0 1 1 0 1
1188 3 3 459 461 310 310 2 0 0 0 0 0 0 1 0 0
1233 3 3 276 277 315 316 1 1 1 0 0 0 1 1 0 1
1239 3 3 1019 1021 316 316 2 0 0 0 0 0 0 1 0 0
1253 3 3 1505 1507 318 318 2 0 0 0 0 0 0 1 0 0
1274 3 3 1077 1078 321 322 1 1 1 0 0 0 1 1 0 1
1297 3 3 459 459 324 326 0 2 0 0 0 0 0 1 0 0
1305 3 3 1242 1243 325 326 1 1 1 0 0 0 1 1 0 1
1371 3 3 652 654 335 335 2 0 0 0 0 0 0 1 0 0
1401 3 3 565 567 342 342 2 0 0 0 0 0 0 1 0 0
1465 3 3 746 746 354 356 0 2 0 0 0 0 0 1 0 0
1506 3 3 1503 1503 366 368 0 2 0 0 0 0 0 1 0 0
1530 3 3 1551 1551 372 374 0 2 0 0 0 0 0 1 0 0
1546 3 3 1398 1398 376 378 0 2 0 0 0 0 0 1 0 0
1570 3 3 1641 1642 383 384 1 1 1 0 0 0 1 1 0 1
1575 3 3 1917 1919 387 387 2 0 0 0 0 0 0 1 0 0
1655 3 3 1359 1360 403 404 1 1 1 0 0 0 1 1 0 1
1664 3 3 1078 1080 405 405 2 0 0 0 0 0 0 1 0 0
1674 3 3 803 805 407 407 2 0 0 0 0 0 0 1 0 0
1681 3 3 806 808 408 408 2 0 0 0 0 0 0 1 0 0
1735 3 3 827 828 416 417 1 1 1 0 0 0 1 1 0 1
1797 3 3 1038 1040 425 425 2 0 0 0 0 0 0 1 0 0
1894 3 3 644 646 442 442 2 0 0 0 0 0 0 1 0 0
1978 3 3 1133 1135 465 465 2 0 0 0 0 0 0 1 0 0
2044 3 3 1568 1569 481 482 1 1 1 0 0 0 1 1 0 1
2063 3 3 1502 1503 488 489 1 1 1 0 0 0 1 1 0 1
2083 3 3 771 773 496 496 2 0 0 0 0 0 0 1 0 0
2084 3 3 1107 1109 496 496 2 0 0 0 0 0 0 1 0 0
2112 3 3 1533 1534 503 504 1 1 1 0 0 0 1 1 0 1
2113 3 3 1560 1561 503 504 1 1 1 0 0 0 1 1 0 1
2140 3 3 1509 1509 511 513 0 2 0 0 0 0 0 1 0 0
2142 3 3 1026 1027 512 513 1 1 1 0 0 0 1 1 0 1
2147 3 3 662 664 513 513 2 0 0 0 0 0 0 1 0 0
2183 3 3 586 588 522 522 2 0 0 0 0 0 0 1 0 0
2305 3 3 1534 1536 587 587 2 0 0 0 0 0 0 1 0 0
2354 3 3 1178 1180 835 835 2 0 0 0 0 0 0 1 0 0
24 2 2 1783 1783 15 16 0 1 0 0 0 0 0 1 0 0
25 2 2 1704 1705 16 16 1 0 0 0 0 0 0 1 0 0
39 2 2 1817 1817 24 25 0 1 0 0 0 0 0 1 0 0
61 2 2 1839 1840 44 44 1 0 0 0 0 0 0 1 0 0
91 2 2 0 1 63 63 1 0 0 0 0 0 0 1 0 0
205 2 2 1659 1659 123 124 0 1 0 0 0 0 0 1 0 0
278 2 2 1491 1491 146 147 0 1 0 0 0 0 0 1 0 0
325 2 2 1486 1487 158 158 1 0 0 0 0 0 0 1 0 0
342 2 2 1701 1702 162 162 1 0 0 0 0 0 0 1 0 0
366 2 2 1676 1677 165 165 1 0 0 0 0 0 0 1 0 0
368 2 2 1481 1482 166 166 1 0 0 0 0 0 0 1 0 0
370 2 2 1695 1696 166 166 1 0 0 0 0 0 0 1 0 0
374 2 2 1692 1692 168 169 0 1 0 0 0 0 0 1 0 0
401 2 2 1479 1480 174 174 1 0 0 0 0 0 0 1 0 0
405 2 2 1504 1505 175 175 1 0 0 0 0 0 0 1 0 0
436 2 2 1480 1480 182 183 0 1 0 0 0 0 0 1 0 0
460 2 2 1485 1486 186 186 1 0 0 0 0 0 0 1 0 0
463 2 2 1433 1434 187 187 1 0 0 0 0 0 0 1 0 0
477 2 2 1442 1443 189 189 1 0 0 0 0 0 0 1 0 0
497 2 2 1457 1458 193 193 1 0 0 0 0 0 0 1 0 0
561 2 2 1872 1873 205 205 1 0 0 0 0 0 0 1 0 0
566 2 2 1432 1433 206 206 1 0 0 0 0 0 0 1 0 0
584 2 2 1437 1437 208 209 0 1 0 0 0 0 0 1 0 0
655 2 2 1504 1505 221 221 1 0 0 0 0 0 0 1 0 0
661 2 2 1509 1510 222 222 1 0 0 0 0 0 0 1 0 0
702 2 2 1733 1734 236 236 1 0 0 0 0 0 0 1 0 0
727 2 2 1354 1354 244 245 0 1 0 0 0 0 0 1 0 0
731 2 2 1518 1519 244 244 1 0 0 0 0 0 0 1 0 0
741 2 2 240 241 249 249 1 0 0 0 0 0 0 1 0 0
755 2 2 1420 1420 251 252 0 1 0 0 0 0 0 1 0 0
763 2 2 1433 1434 252 252 1 0 0 0 0 0 0 1 0 0
772 2 2 1410 1411 253 253 1 0 0 0 0 0 0 1 0 0
793 2 2 1474 1474 256 257 0 1 0 0 0 0 0 1 0 0
808 2 2 1851 1852 258 258 1 0 0 0 0 0 0 1 0 0
813 2 2 1687 1687 259 260 0 1 0 0 0 0 0 1 0 0
849 2 2 1488 1488 265 266 0 1 0 0 0 0 0 1 0 0
863 2 2 173 173 268 269 0 1 0 0 0 0 0 1 0 0
886 2 2 1501 1502 271 271 1 0 0 0 0 0 0 1 0 0
888 2 2 1677 1677 271 272 0 1 0 0 0 0 0 1 0 0
889 2 2 1800 1801 271 271 1 0 0 0 0 0 0 1 0 0
917 2 2 1743 1744 275 275 1 0 0 0 0 0 0 1 0 0
929 2 2 1752 1753 277 277 1 0 0 0 0 0 0 1 0 0
953 2 2 1664 1665 279 279 1 0 0 0 0 0 0 1 0 0
970 2 2 1642 1643 281 281 1 0 0 0 0 0 0 1 0 0
988 2 2 1779 1780 283 283 1 0 0 0 0 0 0 1 0 0
997 2 2 1723 1723 285 286 0 1 0 0 0 0 0 1 0 0
998 2 2 209 210 286 286 1 0 0 0 0 0 0 1 0 0
1023 2 2 270 270 289 290 0 1 0 0 0 0 0 1 0 0
1024 2 2 1335 1336 289 289 1 0 0 0 0 0 0 1 0 0
1033 2 2 1504 1505 290 290 1 0 0 0 0 0 0 1 0 0
1044 2 2 1554 1555 291 291 1 0 0 0 0 0 0 1 0 0
1106 2 2 1356 1357 298 298 1 0 0 0 0 0 0 1 0 0
1111 2 2 518 519 299 299 1 0 0 0 0 0 0 1 0 0
1122 2 2 824 825 300 300 1 0 0 0 0 0 0 1 0 0
1132 2 2 383 384 301 301 1 0 0 0 0 0 0 1 0 0
1165 2 2 260 261 306 306 1 0 0 0 0 0 0 1 0 0
1171 2 2 760 760 307 308 0 1 0 0 0 0 0 1 0 0
1193 2 2 759 759 311 312 0 1 0 0 0 0 0 1 0 0
1211 2 2 420 421 313 313 1 0 0 0 0 0 0 1 0 0
1212 2 2 464 465 313 313 1 0 0 0 0 0 0 1 0 0
1224 2 2 1392 1393 314 314 1 0 0 0 0 0 0 1 0 0
1243 2 2 1029 1030 317 317 1 0 0 0 0 0 0 1 0 0
1246 2 2 1521 1522 317 317 1 0 0 0 0 0 0 1 0 0
1251 2 2 1394 1395 318 318 1 0 0 0 0 0 0 1 0 0
1265 2 2 537 538 320 320 1 0 0 0 0 0 0 1 0 0
1275 2 2 1362 1362 321 322 0 1 0 0 0 0 0 1 0 0
1289 2 2 711 712 323 323 1 0 0 0 0 0 0 1 0 0
1298 2 2 516 517 324 324 1 0 0 0 0 0 0 1 0 0
1300 2 2 1091 1092 324 324 1 0 0 0 0 0 0 1 0 0
1325 2 2 745 745 329 330 0 1 0 0 0 0 0 1 0 0
1344 2 2 1097 1098 331 331 1 0 0 0 0 0 0 1 0 0
1374 2 2 1352 1353 335 335 1 0 0 0 0 0 0 1 0 0
1381 2 2 502 503 338 338 1 0 0 0 0 0 0 1 0 0
1382 2 2 599 600 338 338 1 0 0 0 0 0 0 1 0 0
1386 2 2 602 603 339 339 1 0 0 0 0 0 0 1 0 0
1433 2 2 1346 1346 345 346 0 1 0 0 0 0 0 1 0 0
1441 2 2 705 705 348 349 0 1 0 0 0 0 0 1 0 0
1472 2 2 719 720 356 356 1 0 0 0 0 0 0 1 0 0
1476 2 2 716 717 357 357 1 0 0 0 0 0 0 1 0 0
1529 2 2 741 741 372 373 0 1 0 0 0 0 0 1 0 0
1536 2 2 740 740 374 375 0 1 0 0 0 0 0 1 0 0
1567 2 2 1349 1350 383 383 1 0 0 0 0 0 0 1 0 0
1576 2 2 0 1 388 388 1 0 0 0 0 0 0 1 0 0
1577 2 2 701 702 388 388 1 0 0 0 0 0 0 1 0 0
1585 2 2 1569 1570 391 391 1 0 0 0 0 0 0 1 0 0
1610 2 2 1605 1605 395 396 0 1 0 0 0 0 0 1 0 0
1653 2 2 699 700 403 403 1 0 0 0 0 0 0 1 0 0
1663 2 2 923 923 405 406 0 1 0 0 0 0 0 1 0 0
1675 2 2 924 925 407 407 1 0 0 0 0 0 0 1 0 0
1686 2 2 1623 1623 408 409 0 1 0 0 0 0 0 1 0 0
1693 2 2 629 630 410 410 1 0 0 0 0 0 0 1 0 0
1740 2 2 747 748 417 417 1 0 0 0 0 0 0 1 0 0
1839 2 2 651 652 432 432 1 0 0 0 0 0 0 1 0 0
1949 2 2 337 338 457 457 1 0 0 0 0 0 0 1 0 0
1950 2 2 936 937 457 457 1 0 0 0 0 0 0 1 0 0
2022 2 2 1560 1561 476 476 1 0 0 0 0 0 0 1 0 0
2041 2 2 419 420 481 481 1 0 0 0 0 0 0 1 0 0
2052 2 2 1105 1105 485 486 0 1 0 0 0 0 0 1 0 0
2104 2 2 1164 1164 502 503 0 1 0 0 0 0 0 1 0 0
2111 2 2 1098 1098 503 504 0 1 0 0 0 0 0 1 0 0
2118 2 2 128 129 506 506 1 0 0 0 0 0 0 1 0 0
2119 2 2 264 265 506 506 1 0 0 0 0 0 0 1 0 0
2124 2 2 674 675 507 507 1 0 0 0 0 0 0 1 0 0
2149 2 2 679 680 513 513 1 0 0 0 0 0 0 1 0 0
2152 2 2 1533 1533 513 514 0 1 0 0 0 0 0 1 0 0
2154 2 2 1157 1158 514 514 1 0 0 0 0 0 0 1 0 0
2162 2 2 650 651 517 517 1 0 0 0 0 0 0 1 0 0
2168 2 2 1053 1053 518 519 0 1 0 0 0 0 0 1 0 0
2171 2 2 1017 1017 519 520 0 1 0 0 0 0 0 1 0 0
2174 2 2 1095 1095 520 521 0 1 0 0 0 0 0 1 0 0
2236 2 2 957 958 539 539 1 0 0 0 0 0 0 1 0 0
2243 2 2 720 720 543 544 0 1 0 0 0 0 0 1 0 0
2266 2 2 398 399 561 561 1 0 0 0 0 0 0 1 0 0
2285 2 2 224 225 579 579 1 0 0 0 0 0 0 1 0 0
2299 2 2 713 714 584 584 1 0 0 0 0 0 0 1 0 0
2307 2 2 668 669 588 588 1 0 0 0 0 0 0 1 0 0
2339 2 2 1836 1837 826 826 1 0 0 0 0 0 0 1 0 0
2349 2 2 1187 1188 834 834 1 0 0 0 0 0 0 1 0 0
2364 2 2 1201 1202 854 854 1 0 0 0 0 0 0 1 0 0
2366 2 2 1200 1200 877 878 0 1 0 0 0 0 0 1 0 0
2368 2 2 402 403 1016 1016 1 0 0 0 0 0 0 1 0 0
37 1 1 1840 1840 23 23 0 0 0 0 0 0 1 1 0 0
62 1 1 1842 1842 45 45 0 0 0 0 0 0 1 1 0 0
68 1 1 1866 1866 49 49 0 0 0 0 0 0 1 1 0 0
90 1 1 1919 1919 62 62 0 0 0 0 0 0 1 1 0 0
104 1 1 1911 1911 68 68 0 0 0 0 0 0 1 1 0 0
114 1 1 1719 1719 76 76 0 0 0 0 0 0 1 1 0 0
133 1 1 1746 1746 85 85 0 0 0 0 0 0 1 1 0 0
134 1 1 1821 1821 85 85 0 0 0 0 0 0 1 1 0 0
152 1 1 1740 1740 94 94 0 0 0 0 0 0 1 1 0 0
178 1 1 1659 1659 106 106 0 0 0 0 0 0 1 1 0 0
218 1 1 1726 1726 129 129 0 0 0 0 0 0 1 1 0 0
222 1 1 1734 1734 130 130 0 0 0 0 0 0 1 1 0 0
237 1 1 1732 1732 133 133 0 0 0 0 0 0 1 1 0 0
270 1 1 1472 1472 144 144 0 0 0 0 0 0 1 1 0 0
275 1 1 1500 1500 145 145 0 0 0 0 0 0 1 1 0 0
279 1 1 1499 1499 146 146 0 0 0 0 0 0 1 1 0 0
283 1 1 1498 1498 147 147 0 0 0 0 0 0 1 1 0 0
287 1 1 1643 1643 147 147 0 0 0 0 0 0 1 1 0 0
288 1 1 1733 1733 147 147 0 0 0 0 0 0 1 1 0 0
290 1 1 1470 1470 148 148 0 0 0 0 0 0 1 1 0 0
291 1 1 1481 1481 148 148 0 0 0 0 0 0 1 1 0 0
292 1 1 1646 1646 148 148 0 0 0 0 0 0 1 1 0 0
298 1 1 1597 1597 150 150 0 0 0 0 0 0 1 1 0 0
305 1 1 1557 1557 154 154 0 0 0 0 0 0 1 1 0 0
317 1 1 1679 1679 156 156 0 0 0 0 0 0 1 1 0 0
319 1 1 1565 1565 157 157 0 0 0 0 0 0 1 1 0 0
323 1 1 1678 1678 157 157 0 0 0 0 0 0 1 1 0 0
326 1 1 1597 1597 158 158 0 0 0 0 0 0 1 1 0 0
328 1 1 1640 1640 158 158 0 0 0 0 0 0 1 1 0 0
330 1 1 1489 1489 159 159 0 0 0 0 0 0 1 1 0 0
333 1 1 1567 1567 160 160 0 0 0 0 0 0 1 1 0 0
334 1 1 1478 1478 161 161 0 0 0 0 0 0 1 1 0 0
335 1 1 1568 1568 161 161 0 0 0 0 0 0 1 1 0 0
338 1 1 1485 1485 162 162 0 0 0 0 0 0 1 1 0 0
340 1 1 1618 1618 162 162 0 0 0 0 0 0 1 1 0 0
341 1 1 1697 1697 162 162 0 0 0 0 0 0 1 1 0 0
343 1 1 1707 1707 162 162 0 0 0 0 0 0 1 1 0 0
349 1 1 1639 1639 163 163 0 0 0 0 0 0 1 1 0 0
350 1 1 1698 1698 163 163 0 0 0 0 0 0 1 1 0 0
359 1 1 1673 1673 164 164 0 0 0 0 0 0 1 1 0 0
362 1 1 1475 1475 165 165 0 0 0 0 0 0 1 1 0 0
365 1 1 1614 1614 165 165 0 0 0 0 0 0 1 1 0 0
373 1 1 1620 1620 168 168 0 0 0 0 0 0 1 1 0 0
388 1 1 1501 1501 170 170 0 0 0 0 0 0 1 1 0 0
393 1 1 1614 1614 171 171 0 0 0 0 0 0 1 1 0 0
411 1 1 1477 1477 176 176 0 0 0 0 0 0 1 1 0 0
417 1 1 1476 1476 177 177 0 0 0 0 0 0 1 1 0 0
428 1 1 1478 1478 180 180 0 0 0 0 0 0 1 1 0 0
432 1 1 1474 1474 181 181 0 0 0 0 0 0 1 1 0 0
441 1 1 1476 1476 183 183 0 0 0 0 0 0 1 1 0 0
447 1 1 1462 1462 184 184 0 0 0 0 0 0 1 1 0 0
448 1 1 1504 1504 184 184 0 0 0 0 0 0 1 1 0 0
453 1 1 1428 1428 185 185 0 0 0 0 0 0 1 1 0 0
473 1 1 1540 1540 188 188 0 0 0 0 0 0 1 1 0 0
478 1 1 1459 1459 189 189 0 0 0 0 0 0 1 1 0 0
486 1 1 1451 1451 190 190 0 0 0 0 0 0 1 1 0 0
493 1 1 1455 1455 192 192 0 0 0 0 0 0 1 1 0 0
503 1 1 1484 1484 194 194 0 0 0 0 0 0 1 1 0 0
507 1 1 1463 1463 195 195 0 0 0 0 0 0 1 1 0 0
520 1 1 1550 1550 197 197 0 0 0 0 0 0 1 1 0 0
524 1 1 1453 1453 198 198 0 0 0 0 0 0 1 1 0 0
528 1 1 1454 1454 199 199 0 0 0 0 0 0 1 1 0 0
536 1 1 1460 1460 200 200 0 0 0 0 0 0 1 1 0 0
565 1 1 1425 1425 206 206 0 0 0 0 0 0 1 1 0 0
567 1 1 1458 1458 206 206 0 0 0 0 0 0 1 1 0 0
576 1 1 1436 1436 207 207 0 0 0 0 0 0 1 1 0 0
578 1 1 1457 1457 207 207 0 0 0 0 0 0 1 1 0 0
588 1 1 1536 1536 208 208 0 0 0 0 0 0 1 1 0 0
591 1 1 1498 1498 209 209 0 0 0 0 0 0 1 1 0 0
602 1 1 1410 1410 211 211 0 0 0 0 0 0 1 1 0 0
609 1 1 1452 1452 212 212 0 0 0 0 0 0 1 1 0 0
615 1 1 1408 1408 214 214 0 0 0 0 0 0 1 1 0 0
617 1 1 1425 1425 214 214 0 0 0 0 0 0 1 1 0 0
623 1 1 1424 1424 215 215 0 0 0 0 0 0 1 1 0 0
626 1 1 1421 1421 216 216 0 0 0 0 0 0 1 1 0 0
632 1 1 1490 1490 217 217 0 0 0 0 0 0 1 1 0 0
691 1 1 1797 1797 230 230 0 0 0 0 0 0 1 1 0 0
694 1 1 1735 1735 231 231 0 0 0 0 0 0 1 1 0 0
705 1 1 1659 1659 237 237 0 0 0 0 0 0 1 1 0 0
715 1 1 1674 1674 241 241 0 0 0 0 0 0 1 1 0 0
721 1 1 1398 1398 243 243 0 0 0 0 0 0 1 1 0 0
724 1 1 1678 1678 243 243 0 0 0 0 0 0 1 1 0 0
726 1 1 1714 1714 243 243 0 0 0 0 0 0 1 1 0 0
732 1 1 1369 1369 245 245 0 0 0 0 0 0 1 1 0 0
733 1 1 1456 1456 245 245 0 0 0 0 0 0 1 1 0 0
734 1 1 1457 1457 246 246 0 0 0 0 0 0 1 1 0 0
749 1 1 1423 1423 250 250 0 0 0 0 0 0 1 1 0 0
753 1 1 1396 1396 251 251 0 0 0 0 0 0 1 1 0 0
754 1 1 1415 1415 251 251 0 0 0 0 0 0 1 1 0 0
761 1 1 1397 1397 252 252 0 0 0 0 0 0 1 1 0 0
762 1 1 1413 1413 252 252 0 0 0 0 0 0 1 1 0 0
764 1 1 1439 1439 252 252 0 0 0 0 0 0 1 1 0 0
768 1 1 1908 1908 252 252 0 0 0 0 0 0 1 1 0 0
773 1 1 1417 1417 253 253 0 0 0 0 0 0 1 1 0 0
775 1 1 1440 1440 253 253 0 0 0 0 0 0 1 1 0 0
776 1 1 1450 1450 253 253 0 0 0 0 0 0 1 1 0 0
780 1 1 1911 1911 253 253 0 0 0 0 0 0 1 1 0 0
785 1 1 1299 1299 255 255 0 0 0 0 0 0 1 1 0 0
795 1 1 1417 1417 257 257 0 0 0 0 0 0 1 1 0 0
796 1 1 1688 1688 257 257 0 0 0 0 0 0 1 1 0 0
801 1 1 1349 1349 258 258 0 0 0 0 0 0 1 1 0 0
806 1 1 1620 1620 258 258 0 0 0 0 0 0 1 1 0 0
807 1 1 1694 1694 258 258 0 0 0 0 0 0 1 1 0 0
812 1 1 1683 1683 259 259 0 0 0 0 0 0 1 1 0 0
817 1 1 1682 1682 260 260 0 0 0 0 0 0 1 1 0 0
818 1 1 1756 1756 260 260 0 0 0 0 0 0 1 1 0 0
819 1 1 1823 1823 260 260 0 0 0 0 0 0 1 1 0 0
821 1 1 1428 1428 261 261 0 0 0 0 0 0 1 1 0 0
822 1 1 1881 1881 261 261 0 0 0 0 0 0 1 1 0 0
824 1 1 1556 1556 262 262 0 0 0 0 0 0 1 1 0 0
826 1 1 1674 1674 262 262 0 0 0 0 0 0 1 1 0 0
827 1 1 1761 1761 262 262 0 0 0 0 0 0 1 1 0 0
829 1 1 1887 1887 262 262 0 0 0 0 0 0 1 1 0 0
830 1 1 1493 1493 263 263 0 0 0 0 0 0 1 1 0 0
831 1 1 1503 1503 263 263 0 0 0 0 0 0 1 1 0 0
834 1 1 1673 1673 263 263 0 0 0 0 0 0 1 1 0 0
841 1 1 1495 1495 264 264 0 0 0 0 0 0 1 1 0 0
842 1 1 1514 1514 264 264 0 0 0 0 0 0 1 1 0 0
850 1 1 1515 1515 265 265 0 0 0 0 0 0 1 1 0 0
856 1 1 1449 1449 266 266 0 0 0 0 0 0 1 1 0 0
859 1 1 1508 1508 267 267 0 0 0 0 0 0 1 1 0 0
860 1 1 1646 1646 267 267 0 0 0 0 0 0 1 1 0 0
861 1 1 1664 1664 267 267 0 0 0 0 0 0 1 1 0 0
862 1 1 1820 1820 267 267 0 0 0 0 0 0 1 1 0 0
866 1 1 1505 1505 268 268 0 0 0 0 0 0 1 1 0 0
868 1 1 1558 1558 268 268 0 0 0 0 0 0 1 1 0 0
870 1 1 1822 1822 268 268 0 0 0 0 0 0 1 1 0 0
872 1 1 1504 1504 269 269 0 0 0 0 0 0 1 1 0 0
876 1 1 1473 1473 270 270 0 0 0 0 0 0 1 1 0 0
877 1 1 1500 1500 270 270 0 0 0 0 0 0 1 1 0 0
880 1 1 1575 1575 270 270 0 0 0 0 0 0 1 1 0 0
882 1 1 1673 1673 270 270 0 0 0 0 0 0 1 1 0 0
887 1 1 1532 1532 271 271 0 0 0 0 0 0 1 1 0 0
891 1 1 1524 1524 272 272 0 0 0 0 0 0 1 1 0 0
892 1 1 1570 1570 272 272 0 0 0 0 0 0 1 1 0 0
897 1 1 1681 1681 272 272 0 0 0 0 0 0 1 1 0 0
898 1 1 1688 1688 272 272 0 0 0 0 0 0 1 1 0 0
899 1 1 1773 1773 272 272 0 0 0 0 0 0 1 1 0 0
900 1 1 1830 1830 272 272 0 0 0 0 0 0 1 1 0 0
902 1 1 1598 1598 273 273 0 0 0 0 0 0 1 1 0 0
903 1 1 1650 1650 273 273 0 0 0 0 0 0 1 1 0 0
904 1 1 1676 1676 273 273 0 0 0 0 0 0 1 1 0 0
906 1 1 1498 1498 274 274 0 0 0 0 0 0 1 1 0 0
913 1 1 1756 1756 274 274 0 0 0 0 0 0 1 1 0 0
915 1 1 1567 1567 275 275 0 0 0 0 0 0 1 1 0 0
918 1 1 1770 1770 275 275 0 0 0 0 0 0 1 1 0 0
919 1 1 1796 1796 275 275 0 0 0 0 0 0 1 1 0 0
928 1 1 1563 1563 277 277 0 0 0 0 0 0 1 1 0 0
936 1 1 1561 1561 278 278 0 0 0 0 0 0 1 1 0 0
937 1 1 1592 1592 278 278 0 0 0 0 0 0 1 1 0 0
938 1 1 1598 1598 278 278 0 0 0 0 0 0 1 1 0 0
939 1 1 1741 1741 278 278 0 0 0 0 0 0 1 1 0 0
943 1 1 181 181 279 279 0 0 0 0 0 0 1 1 0 0
944 1 1 189 189 279 279 0 0 0 0 0 0 1 1 0 0
950 1 1 1604 1604 279 279 0 0 0 0 0 0 1 1 0 0
964 1 1 186 186 281 281 0 0 0 0 0 0 1 1 0 0
968 1 1 1587 1587 281 281 0 0 0 0 0 0 1 1 0 0
972 1 1 210 210 282 282 0 0 0 0 0 0 1 1 0 0
976 1 1 1645 1645 282 282 0 0 0 0 0 0 1 1 0 0
977 1 1 1659 1659 282 282 0 0 0 0 0 0 1 1 0 0
978 1 1 1729 1729 282 282 0 0 0 0 0 0 1 1 0 0
980 1 1 191 191 283 283 0 0 0 0 0 0 1 1 0 0
981 1 1 211 211 283 283 0 0 0 0 0 0 1 1 0 0
982 1 1 221 221 283 283 0 0 0 0 0 0 1 1 0 0
986 1 1 1649 1649 283 283 0 0 0 0 0 0 1 1 0 0
989 1 1 217 217 284 284 0 0 0 0 0 0 1 1 0 0
991 1 1 225 225 285 285 0 0 0 0 0 0 1 1 0 0
994 1 1 1500 1500 285 285 0 0 0 0 0 0 1 1 0 0
995 1 1 1662 1662 285 285 0 0 0 0 0 0 1 1 0 0
996 1 1 1671 1671 285 285 0 0 0 0 0 0 1 1 0 0
1000 1 1 463 463 286 286 0 0 0 0 0 0 1 1 0 0
1002 1 1 515 515 286 286 0 0 0 0 0 0 1 1 0 0
1004 1 1 1329 1329 286 286 0 0 0 0 0 0 1 1 0 0
1015 1 1 1328 1328 288 288 0 0 0 0 0 0 1 1 0 0
1016 1 1 1463 1463 288 288 0 0 0 0 0 0 1 1 0 0
1018 1 1 1584 1584 288 288 0 0 0 0 0 0 1 1 0 0
1020 1 1 1675 1675 288 288 0 0 0 0 0 0 1 1 0 0
1021 1 1 1720 1720 288 288 0 0 0 0 0 0 1 1 0 0
1025 1 1 1456 1456 289 289 0 0 0 0 0 0 1 1 0 0
1026 1 1 1507 1507 289 289 0 0 0 0 0 0 1 1 0 0
1029 1 1 1715 1715 289 289 0 0 0 0 0 0 1 1 0 0
1031 1 1 435 435 290 290 0 0 0 0 0 0 1 1 0 0
1032 1 1 1457 1457 290 290 0 0 0 0 0 0 1 1 0 0
1034 1 1 1556 1556 290 290 0 0 0 0 0 0 1 1 0 0
1042 1 1 1499 1499 291 291 0 0 0 0 0 0 1 1 0 0
1048 1 1 1661 1661 291 291 0 0 0 0 0 0 1 1 0 0
1051 1 1 516 516 292 292 0 0 0 0 0 0 1 1 0 0
1055 1 1 1551 1551 292 292 0 0 0 0 0 0 1 1 0 0
1056 1 1 1662 1662 292 292 0 0 0 0 0 0 1 1 0 0
1057 1 1 1678 1678 292 292 0 0 0 0 0 0 1 1 0 0
1058 1 1 1729 1729 292 292 0 0 0 0 0 0 1 1 0 0
1059 1 1 263 263 293 293 0 0 0 0 0 0 1 1 0 0
1071 1 1 1679 1679 293 293 0 0 0 0 0 0 1 1 0 0
1072 1 1 225 225 294 294 0 0 0 0 0 0 1 1 0 0
1075 1 1 477 477 294 294 0 0 0 0 0 0 1 1 0 0
1085 1 1 529 529 295 295 0 0 0 0 0 0 1 1 0 0
1087 1 1 1350 1350 295 295 0 0 0 0 0 0 1 1 0 0
1088 1 1 1507 1507 295 295 0 0 0 0 0 0 1 1 0 0
1093 1 1 291 291 296 296 0 0 0 0 0 0 1 1 0 0
1094 1 1 384 384 296 296 0 0 0 0 0 0 1 1 0 0
1095 1 1 764 764 296 296 0 0 0 0 0 0 1 1 0 0
1100 1 1 789 789 297 297 0 0 0 0 0 0 1 1 0 0
1103 1 1 763 763 298 298 0 0 0 0 0 0 1 1 0 0
1119 1 1 1590 1590 299 299 0 0 0 0 0 0 1 1 0 0
1121 1 1 762 762 300 300 0 0 0 0 0 0 1 1 0 0
1131 1 1 379 379 301 301 0 0 0 0 0 0 1 1 0 0
1135 1 1 486 486 301 301 0 0 0 0 0 0 1 1 0 0
1140 1 1 1591 1591 301 301 0 0 0 0 0 0 1 1 0 0
1143 1 1 394 394 302 302 0 0 0 0 0 0 1 1 0 0
1149 1 1 1291 1291 303 303 0 0 0 0 0 0 1 1 0 0
1152 1 1 1697 1697 303 303 0 0 0 0 0 0 1 1 0 0
1153 1 1 1289 1289 304 304 0 0 0 0 0 0 1 1 0 0
1154 1 1 1297 1297 304 304 0 0 0 0 0 0 1 1 0 0
1158 1 1 1696 1696 304 304 0 0 0 0 0 0 1 1 0 0
1159 1 1 258 258 305 305 0 0 0 0 0 0 1 1 0 0
1160 1 1 309 309 305 305 0 0 0 0 0 0 1 1 0 0
1166 1 1 1287 1287 306 306 0 0 0 0 0 0 1 1 0 0
1168 1 1 1560 1560 306 306 0 0 0 0 0 0 1 1 0 0
1170 1 1 435 435 307 307 0 0 0 0 0 0 1 1 0 0
1183 1 1 1281 1281 309 309 0 0 0 0 0 0 1 1 0 0
1201 1 1 432 432 312 312 0 0 0 0 0 0 1 1 0 0
1202 1 1 456 456 312 312 0 0 0 0 0 0 1 1 0 0
1203 1 1 467 467 312 312 0 0 0 0 0 0 1 1 0 0
1204 1 1 520 520 312 312 0 0 0 0 0 0 1 1 0 0
1210 1 1 389 389 313 313 0 0 0 0 0 0 1 1 0 0
1219 1 1 1698 1698 313 313 0 0 0 0 0 0 1 1 0 0
1222 1 1 1291 1291 314 314 0 0 0 0 0 0 1 1 0 0
1223 1 1 1386 1386 314 314 0 0 0 0 0 0 1 1 0 0
1234 1 1 1010 1010 315 315 0 0 0 0 0 0 1 1 0 0
1235 1 1 1294 1294 315 315 0 0 0 0 0 0 1 1 0 0
1240 1 1 1284 1284 316 316 0 0 0 0 0 0 1 1 0 0
1248 1 1 443 443 318 318 0 0 0 0 0 0 1 1 0 0
1250 1 1 1290 1290 318 318 0 0 0 0 0 0 1 1 0 0
1256 1 1 1608 1608 318 318 0 0 0 0 0 0 1 1 0 0
1263 1 1 1517 1517 319 319 0 0 0 0 0 0 1 1 0 0
1267 1 1 756 756 320 320 0 0 0 0 0 0 1 1 0 0
1271 1 1 623 623 321 321 0 0 0 0 0 0 1 1 0 0
1279 1 1 404 404 322 322 0 0 0 0 0 0 1 1 0 0
1280 1 1 721 721 322 322 0 0 0 0 0 0 1 1 0 0
1281 1 1 734 734 322 322 0 0 0 0 0 0 1 1 0 0
1282 1 1 1275 1275 322 322 0 0 0 0 0 0 1 1 0 0
1285 1 1 1494 1494 322 322 0 0 0 0 0 0 1 1 0 0
1288 1 1 514 514 323 323 0 0 0 0 0 0 1 1 0 0
1299 1 1 695 695 324 324 0 0 0 0 0 0 1 1 0 0
1304 1 1 1094 1094 325 325 0 0 0 0 0 0 1 1 0 0
1309 1 1 685 685 326 326 0 0 0 0 0 0 1 1 0 0
1316 1 1 679 679 328 328 0 0 0 0 0 0 1 1 0 0
1319 1 1 1342 1342 328 328 0 0 0 0 0 0 1 1 0 0
1338 1 1 462 462 331 331 0 0 0 0 0 0 1 1 0 0
1340 1 1 543 543 331 331 0 0 0 0 0 0 1 1 0 0
1345 1 1 1263 1263 331 331 0 0 0 0 0 0 1 1 0 0
1358 1 1 586 586 333 333 0 0 0 0 0 0 1 1 0 0
1365 1 1 1278 1278 334 334 0 0 0 0 0 0 1 1 0 0
1366 1 1 1355 1355 334 334 0 0 0 0 0 0 1 1 0 0
1367 1 1 1362 1362 334 334 0 0 0 0 0 0 1 1 0 0
1368 1 1 1494 1494 334 334 0 0 0 0 0 0 1 1 0 0
1369 1 1 634 634 335 335 0 0 0 0 0 0 1 1 0 0
1370 1 1 639 639 335 335 0 0 0 0 0 0 1 1 0 0
1383 1 1 1360 1360 338 338 0 0 0 0 0 0 1 1 0 0
1387 1 1 643 643 339 339 0 0 0 0 0 0 1 1 0 0
1391 1 1 604 604 340 340 0 0 0 0 0 0 1 1 0 0
1392 1 1 1352 1352 340 340 0 0 0 0 0 0 1 1 0 0
1407 1 1 1357 1357 342 342 0 0 0 0 0 0 1 1 0 0
1414 1 1 738 738 343 343 0 0 0 0 0 0 1 1 0 0
1416 1 1 1402 1402 343 343 0 0 0 0 0 0 1 1 0 0
1420 1 1 501 501 344 344 0 0 0 0 0 0 1 1 0 0
1421 1 1 564 564 344 344 0 0 0 0 0 0 1 1 0 0
1426 1 1 1234 1234 344 344 0 0 0 0 0 0 1 1 0 0
1427 1 1 1479 1479 344 344 0 0 0 0 0 0 1 1 0 0
1464 1 1 555 555 354 354 0 0 0 0 0 0 1 1 0 0
1479 1 1 714 714 358 358 0 0 0 0 0 0 1 1 0 0
1487 1 1 698 698 362 362 0 0 0 0 0 0 1 1 0 0
1520 1 1 724 724 370 370 0 0 0 0 0 0 1 1 0 0
1551 1 1 1354 1354 377 377 0 0 0 0 0 0 1 1 0 0
1566 1 1 1248 1248 383 383 0 0 0 0 0 0 1 1 0 0
1568 1 1 1362 1362 383 383 0 0 0 0 0 0 1 1 0 0
1573 1 1 699 699 387 387 0 0 0 0 0 0 1 1 0 0
1609 1 1 1590 1590 395 395 0 0 0 0 0 0 1 1 0 0
1617 1 1 1587 1587 397 397 0 0 0 0 0 0 1 1 0 0
1658 1 1 698 698 404 404 0 0 0 0 0 0 1 1 0 0
1661 1 1 1611 1611 404 404 0 0 0 0 0 0 1 1 0 0
1666 1 1 1596 1596 405 405 0 0 0 0 0 0 1 1 0 0
1679 1 1 1578 1578 407 407 0 0 0 0 0 0 1 1 0 0
1685 1 1 1566 1566 408 408 0 0 0 0 0 0 1 1 0 0
1688 1 1 678 678 409 409 0 0 0 0 0 0 1 1 0 0
1703 1 1 823 823 412 412 0 0 0 0 0 0 1 1 0 0
1715 1 1 1575 1575 413 413 0 0 0 0 0 0 1 1 0 0
1720 1 1 825 825 414 414 0 0 0 0 0 0 1 1 0 0
1727 1 1 826 826 415 415 0 0 0 0 0 0 1 1 0 0
1733 1 1 694 694 416 416 0 0 0 0 0 0 1 1 0 0
1739 1 1 692 692 417 417 0 0 0 0 0 0 1 1 0 0
1741 1 1 1089 1089 417 417 0 0 0 0 0 0 1 1 0 0
1766 1 1 690 690 420 420 0 0 0 0 0 0 1 1 0 0
1806 1 1 642 642 427 427 0 0 0 0 0 0 1 1 0 0
1831 1 1 624 624 431 431 0 0 0 0 0 0 1 1 0 0
1834 1 1 903 903 431 431 0 0 0 0 0 0 1 1 0 0
1835 1 1 1002 1002 431 431 0 0 0 0 0 0 1 1 0 0
1857 1 1 648 648 437 437 0 0 0 0 0 0 1 1 0 0
1881 1 1 675 675 440 440 0 0 0 0 0 0 1 1 0 0
1887 1 1 1287 1287 441 441 0 0 0 0 0 0 1 1 0 0
1898 1 1 642 642 443 443 0 0 0 0 0 0 1 1 0 0
1903 1 1 666 666 445 445 0 0 0 0 0 0 1 1 0 0
1912 1 1 661 661 448 448 0 0 0 0 0 0 1 1 0 0
1913 1 1 659 659 449 449 0 0 0 0 0 0 1 1 0 0
1925 1 1 1164 1164 452 452 0 0 0 0 0 0 1 1 0 0
1927 1 1 1296 1296 452 452 0 0 0 0 0 0 1 1 0 0
1930 1 1 1167 1167 453 453 0 0 0 0 0 0 1 1 0 0
1931 1 1 1179 1179 453 453 0 0 0 0 0 0 1 1 0 0
1948 1 1 120 120 457 457 0 0 0 0 0 0 1 1 0 0
1964 1 1 99 99 460 460 0 0 0 0 0 0 1 1 0 0
1972 1 1 123 123 463 463 0 0 0 0 0 0 1 1 0 0
1973 1 1 315 315 463 463 0 0 0 0 0 0 1 1 0 0
1977 1 1 120 120 465 465 0 0 0 0 0 0 1 1 0 0
1985 1 1 861 861 467 467 0 0 0 0 0 0 1 1 0 0
2001 1 1 1292 1292 470 470 0 0 0 0 0 0 1 1 0 0
2045 1 1 456 456 482 482 0 0 0 0 0 0 1 1 0 0
2047 1 1 172 172 483 483 0 0 0 0 0 0 1 1 0 0
2049 1 1 786 786 483 483 0 0 0 0 0 0 1 1 0 0
2072 1 1 1317 1317 492 492 0 0 0 0 0 0 1 1 0 0
2105 1 1 1173 1173 502 502 0 0 0 0 0 0 1 1 0 0
2108 1 1 175 175 503 503 0 0 0 0 0 0 1 1 0 0
2126 1 1 1170 1170 507 507 0 0 0 0 0 0 1 1 0 0
2130 1 1 1302 1302 508 508 0 0 0 0 0 0 1 1 0 0
2132 1 1 1303 1303 509 509 0 0 0 0 0 0 1 1 0 0
2143 1 1 1050 1050 512 512 0 0 0 0 0 0 1 1 0 0
2144 1 1 1143 1143 512 512 0 0 0 0 0 0 1 1 0 0
2148 1 1 671 671 513 513 0 0 0 0 0 0 1 1 0 0
2163 1 1 662 662 517 517 0 0 0 0 0 0 1 1 0 0
2190 1 1 584 584 523 523 0 0 0 0 0 0 1 1 0 0
2219 1 1 1044 1044 531 531 0 0 0 0 0 0 1 1 0 0
2239 1 1 17 17 541 541 0 0 0 0 0 0 1 1 0 0
2247 1 1 1164 1164 543 543 0 0 0 0 0 0 1 1 0 0
2261 1 1 447 447 556 556 0 0 0 0 0 0 1 1 0 0
2264 1 1 12 12 557 557 0 0 0 0 0 0 1 1 0 0
2265 1 1 429 429 558 558 0 0 0 0 0 0 1 1 0 0
2272 1 1 768 768 564 564 0 0 0 0 0 0 1 1 0 0
2294 1 1 728 728 583 583 0 0 0 0 0 0 1 1 0 0
2295 1 1 742 742 583 583 0 0 0 0 0 0 1 1 0 0
2309 1 1 654 654 589 589 0 0 0 0 0 0 1 1 0 0
2310 1 1 665 665 589 589 0 0 0 0 0 0 1 1 0 0
2313 1 1 623 623 591 591 0 0 0 0 0 0 1 1 0 0
2318 1 1 573 573 596 596 0 0 0 0 0 0 1 1 0 0
2319 1 1 596 596 596 596 0 0 0 0 0 0 1 1 0 0
2321 1 1 564 564 597 597 0 0 0 0 0 0 1 1 0 0
2322 1 1 585 585 597 597 0 0 0 0 0 0 1 1 0 0
2335 1 1 1740 1740 763 763 0 0 0 0 0 0 1 1 0 0
2341 1 1 1857 1857 829 829 0 0 0 0 0 0 1 1 0 0
2345 1 1 1299 1299 832 832 0 0 0 0 0 0 1 1 0 0
2347 1 1 1302 1302 833 833 0 0 0 0 0 0 1 1 0 0
2358 1 1 1848 1848 839 839 0 0 0 0 0 0 1 1 0 0
2362 1 1 1914 1914 845 845 0 0 0 0 0 0 1 1 0 0
2363 1 1 1188 1188 853 853 0 0 0 0 0 0 1 1 0 0
2365 1 1 427 427 876 876 0 0 0 0 0 0 1 1 0 0
2367 1 1 290 290 887 887 0 0 0 0 0 0 1 1 0 0
