1 [1]
2 [2]
3 [2]
4 [2]
5 [2]
6 [2]
7 [7]
8 [2]
9 [2]
10 [2]
11 [2]
12 [2]
13 [2]
14 [14]
15 [15]
16 [15]
17 [15]
18 [15]
19 [15]
20 [15]
21 [15]
22 [15]
23 [15]
24 [24]
25 [15]
26 [24]
27 [15]
28 [24]
29 [15]
30 [15]
31 [15]
32 [24]
33 [15]
34 [34]
35 [34]
36 [34]
37 [34]
38 [15]
39 [39]
40 [40]
41 [15]
42 [42]
43 [42]
44 [42]
45 [45]
46 [45]
47 [45]
48 [48]
49 [49]
50 [50]
51 [51]
52 [52]
53 [53]
54 [54]
55 [55]
56 [54]
57 [54]
58 [55]
59 [54]
60 [60]
61 [61]
62 [54]
63 [54]
64 [64]
65 [65]
66 [66]
67 [64]
68 [65]
69 [64]
70 [65]
71 [71]
72 [72]
73 [65]
74 [65]
75 [75]
76 [75]
77 [75]
78 [75]
79 [75]
80 [80]
81 [81]
82 [82]
83 [81]
84 [84]
85 [85]
86 [84]
87 [87]
88 [88]
89 [89]
90 [90]
91 [75]
92 [92]
93 [92]
94 [89]
95 [95]
96 [96]
97 [97]
98 [98]
99 [99]
100 [100]
101 [97]
102 [102]
103 [103]
104 [97]
105 [102]
106 [106]
107 [89]
108 [108]
109 [99]
110 [106]
111 [102]
112 [102]
113 [102]
114 [106]
115 [115]
116 [102]
117 [117]
118 [118]
119 [119]
120 [120]
121 [121]
122 [106]
123 [123]
124 [102]
125 [102]
126 [126]
127 [106]
128 [128]
129 [129]
130 [130]
131 [126]
132 [106]
133 [133]
134 [134]
135 [135]
136 [130]
137 [137]
138 [138]
139 [139]
140 [140]
141 [137]
142 [142]
143 [129]
144 [144]
145 [145]
146 [146]
147 [130]
148 [148]
149 [149]
150 [149]
151 [151]
152 [152]
153 [153]
154 [154]
155 [149]
156 [156]
157 [153]
158 [158]
159 [154]
160 [160]
161 [161]
162 [149]
163 [163]
164 [164]
165 [164]
166 [166]
167 [167]
168 [163]
169 [169]
170 [163]
171 [169]
172 [172]
173 [173]
174 [174]
175 [175]
176 [169]
177 [163]
178 [178]
179 [179]
180 [180]
181 [178]
182 [149]
183 [183]
184 [179]
185 [163]
186 [180]
187 [178]
188 [149]
189 [189]
190 [169]
191 [178]
192 [178]
193 [178]
194 [178]
195 [195]
196 [196]
197 [169]
198 [178]
199 [199]
200 [195]
201 [201]
202 [202]
203 [178]
204 [199]
205 [195]
206 [169]
207 [201]
208 [208]
209 [178]
210 [178]
211 [199]
212 [195]
213 [213]
214 [214]
215 [215]
216 [178]
217 [217]
218 [213]
219 [219]
220 [220]
221 [215]
222 [220]
223 [178]
224 [224]
225 [199]
226 [217]
227 [213]
228 [220]
229 [229]
230 [217]
231 [213]
232 [229]
233 [233]
234 [220]
235 [235]
236 [236]
237 [178]
238 [238]
239 [213]
240 [240]
241 [241]
242 [242]
243 [243]
244 [178]
245 [245]
246 [220]
247 [235]
248 [248]
249 [178]
250 [250]
251 [220]
252 [220]
253 [248]
254 [220]
255 [220]
256 [220]
257 [220]
258 [258]
259 [258]
260 [260]
261 [261]
262 [262]
263 [220]
264 [261]
265 [250]
266 [220]
267 [267]
268 [258]
269 [258]
270 [270]
271 [258]
272 [258]
273 [273]
274 [258]
275 [275]
276 [220]
277 [277]
278 [220]
279 [279]
280 [258]
281 [258]
282 [220]
283 [283]
284 [258]
285 [258]
286 [258]
287 [258]
288 [220]
289 [289]
290 [258]
291 [258]
292 [220]
293 [220]
294 [220]
295 [289]
296 [258]
297 [258]
298 [258]
299 [258]
300 [258]
301 [301]
302 [258]
303 [258]
304 [220]
305 [220]
306 [301]
307 [307]
308 [308]
309 [258]
310 [258]
311 [220]
312 [312]
313 [258]
314 [258]
315 [220]
316 [301]
317 [317]
318 [317]
319 [258]
320 [258]
321 [220]
322 [220]
323 [220]
324 [220]
325 [317]
326 [258]
327 [220]
328 [317]
329 [329]
330 [330]
331 [317]
332 [329]
333 [258]
334 [220]
335 [317]
336 [258]
337 [258]
338 [220]
339 [220]
340 [220]
341 [258]
342 [220]
343 [317]
344 [258]
345 [345]
346 [346]
347 [317]
348 [258]
349 [349]
350 [350]
351 [220]
352 [352]
353 [258]
354 [258]
355 [355]
356 [352]
357 [357]
358 [317]
359 [317]
360 [360]
361 [258]
362 [258]
363 [363]
364 [364]
365 [352]
366 [258]
367 [220]
368 [220]
369 [317]
370 [360]
371 [258]
372 [220]
373 [355]
374 [317]
375 [364]
376 [220]
377 [377]
378 [352]
379 [379]
380 [380]
381 [220]
382 [220]
383 [317]
384 [258]
385 [363]
386 [380]
387 [387]
388 [220]
389 [220]
390 [352]
391 [352]
392 [258]
393 [363]
394 [387]
395 [220]
396 [360]
397 [258]
398 [398]
399 [399]
400 [220]
401 [401]
402 [352]
403 [360]
404 [379]
405 [220]
406 [220]
407 [220]
408 [408]
409 [409]
410 [410]
411 [360]
412 [360]
413 [360]
414 [220]
415 [415]
416 [416]
417 [417]
418 [360]
419 [360]
420 [220]
421 [421]
422 [422]
423 [360]
424 [220]
425 [220]
426 [360]
427 [427]
428 [360]
429 [220]
430 [220]
431 [220]
432 [317]
433 [387]
434 [220]
435 [220]
436 [220]
437 [317]
438 [387]
439 [427]
440 [427]
441 [427]
442 [427]
443 [220]
444 [427]
445 [427]
446 [364]
447 [220]
448 [220]
449 [449]
450 [364]
451 [220]
452 [427]
453 [427]
454 [454]
455 [220]
456 [427]
457 [454]
458 [427]
459 [454]
460 [460]
461 [461]
462 [461]
463 [427]
464 [464]
465 [465]
466 [454]
467 [467]
468 [468]
469 [469]
470 [470]
471 [427]
472 [427]
473 [364]
474 [387]
475 [470]
476 [220]
477 [427]
478 [364]
479 [479]
480 [480]
481 [481]
482 [482]
483 [427]
484 [484]
485 [485]
486 [486]
487 [487]
488 [488]
489 [489]
490 [490]
491 [491]
492 [492]
493 [486]
494 [494]
495 [495]
496 [496]
497 [220]
498 [498]
499 [499]
500 [427]
501 [498]
502 [502]
503 [503]
504 [427]
505 [427]
506 [498]
507 [427]
508 [427]
509 [427]
510 [427]
511 [427]
512 [427]
513 [427]
514 [514]
515 [364]
516 [427]
517 [517]
518 [518]
519 [427]
520 [427]
521 [427]
522 [522]
523 [523]
524 [427]
525 [427]
526 [427]
527 [527]
528 [427]
529 [427]
530 [427]
531 [427]
532 [532]
533 [427]
534 [534]
535 [427]
536 [427]
537 [537]
538 [538]
539 [427]
540 [427]
541 [541]
542 [538]
543 [427]
544 [544]
545 [538]
546 [427]
547 [427]
548 [544]
549 [549]
550 [538]
551 [544]
552 [552]
553 [544]
554 [427]
555 [427]
556 [556]
557 [557]
558 [427]
559 [427]
560 [556]
561 [561]
562 [557]
563 [427]
564 [544]
565 [565]
566 [544]
567 [567]
568 [565]
569 [569]
570 [427]
571 [567]
572 [572]
573 [573]
574 [427]
575 [565]
576 [572]
577 [577]
578 [427]
579 [579]
580 [427]
581 [427]
582 [427]
583 [427]
584 [584]
585 [427]
586 [427]
587 [584]
588 [427]
589 [589]
590 [590]
591 [589]
592 [592]
593 [593]
594 [594]
595 [595]
596 [593]
597 [597]
598 [593]
599 [599]
600 [595]
601 [601]
602 [602]
603 [603]
604 [604]
605 [605]
606 [606]
607 [607]
608 [608]
609 [609]
610 [610]
611 [608]
612 [610]
613 [610]
614 [610]
615 [615]
616 [616]
617 [617]
618 [616]
619 [619]
620 [620]
621 [621]
622 [621]
623 [623]
624 [624]
625 [625]
626 [626]
627 [627]
628 [628]
629 [629]
630 [627]
631 [629]
632 [629]
633 [633]
634 [627]
635 [627]
636 [627]
637 [627]
638 [627]
639 [627]
640 [627]
641 [627]
642 [627]
643 [627]
644 [627]
645 [645]
646 [627]
647 [627]
648 [627]
649 [627]
650 [650]
651 [651]
652 [627]
653 [627]
654 [627]
655 [655]
656 [656]
657 [657]
658 [658]
659 [627]
660 [660]
661 [661]
662 [627]
663 [663]
664 [664]
665 [627]
666 [627]
667 [627]
668 [627]
669 [627]
670 [627]
671 [627]
672 [627]
673 [627]
674 [674]
675 [627]
676 [676]
