1 [1]
2 [2]
3 [3]
4 [4]
5 [4]
6 [4]
7 [4]
8 [4]
9 [4]
10 [4]
11 [11]
12 [4]
13 [13]
14 [4]
15 [13]
16 [4]
17 [13]
18 [13]
19 [4]
20 [4]
21 [4]
22 [4]
23 [13]
24 [4]
25 [13]
26 [26]
27 [27]
28 [4]
29 [4]
30 [4]
31 [31]
32 [4]
33 [4]
34 [4]
35 [4]
36 [36]
37 [4]
38 [38]
39 [39]
40 [40]
41 [4]
42 [42]
43 [43]
44 [44]
45 [45]
46 [46]
47 [47]
48 [45]
49 [49]
50 [50]
51 [51]
52 [52]
53 [53]
54 [54]
55 [49]
56 [56]
57 [56]
58 [49]
59 [49]
60 [49]
61 [61]
62 [49]
63 [63]
64 [64]
65 [49]
66 [66]
67 [67]
68 [68]
69 [69]
70 [70]
71 [70]
72 [72]
73 [73]
74 [74]
75 [72]
76 [76]
77 [73]
78 [78]
79 [72]
80 [80]
81 [81]
82 [82]
83 [83]
84 [49]
85 [85]
86 [49]
87 [87]
88 [88]
89 [89]
90 [90]
91 [91]
92 [92]
93 [49]
94 [94]
95 [95]
96 [96]
97 [97]
98 [98]
99 [99]
100 [100]
101 [97]
102 [102]
103 [103]
104 [104]
105 [105]
106 [106]
107 [49]
108 [108]
109 [106]
110 [110]
111 [111]
112 [49]
113 [113]
114 [114]
115 [114]
116 [108]
117 [117]
118 [118]
119 [119]
120 [120]
121 [121]
122 [122]
123 [49]
124 [114]
125 [125]
126 [126]
127 [127]
128 [128]
129 [129]
130 [114]
131 [104]
132 [132]
133 [49]
134 [134]
135 [135]
136 [136]
137 [137]
138 [138]
139 [139]
140 [140]
141 [141]
142 [121]
143 [143]
144 [144]
145 [114]
146 [146]
147 [147]
148 [141]
149 [149]
150 [150]
151 [49]
152 [114]
153 [153]
154 [154]
155 [155]
156 [156]
157 [157]
158 [158]
159 [49]
160 [49]
161 [153]
162 [162]
163 [163]
164 [114]
165 [165]
166 [166]
167 [167]
168 [168]
169 [114]
170 [170]
171 [171]
172 [172]
173 [173]
174 [174]
175 [167]
176 [176]
177 [177]
178 [178]
179 [179]
180 [180]
181 [168]
182 [182]
183 [183]
184 [104]
185 [185]
186 [186]
187 [168]
188 [188]
189 [189]
190 [190]
191 [191]
192 [189]
193 [193]
194 [194]
195 [195]
196 [196]
197 [197]
198 [198]
199 [199]
200 [200]
201 [201]
202 [202]
203 [203]
204 [198]
205 [205]
206 [199]
207 [193]
208 [202]
209 [191]
210 [203]
211 [211]
212 [212]
213 [213]
214 [214]
215 [215]
216 [216]
217 [202]
218 [218]
219 [219]
220 [202]
221 [219]
222 [202]
223 [223]
224 [224]
225 [225]
226 [226]
227 [227]
228 [228]
229 [229]
230 [230]
231 [231]
232 [232]
233 [231]
234 [234]
235 [235]
236 [236]
237 [237]
238 [238]
239 [239]
240 [240]
241 [241]
242 [240]
243 [243]
244 [244]
245 [245]
246 [246]
247 [243]
248 [248]
249 [249]
250 [250]
251 [251]
252 [252]
253 [253]
254 [254]
255 [255]
256 [256]
