1 [1]
2 [1]
3 [1]
4 [1]
5 [1]
6 [1]
7 [1]
8 [1]
9 [1]
10 [1]
11 [1]
12 [12]
13 [12]
14 [1]
15 [12]
16 [12]
17 [1]
18 [12]
19 [12]
20 [12]
21 [1]
22 [12]
23 [12]
24 [12]
25 [12]
26 [12]
27 [12]
28 [12]
29 [12]
30 [12]
31 [1]
32 [12]
33 [1]
34 [12]
35 [1]
36 [1]
37 [1]
38 [1]
39 [1]
40 [12]
41 [1]
42 [1]
43 [1]
44 [12]
45 [1]
46 [1]
47 [12]
48 [12]
49 [12]
50 [12]
51 [12]
52 [12]
53 [12]
54 [1]
55 [12]
56 [1]
57 [12]
58 [1]
59 [12]
60 [12]
61 [1]
62 [1]
63 [1]
64 [1]
65 [1]
66 [1]
67 [12]
68 [12]
69 [1]
70 [12]
71 [71]
72 [12]
73 [71]
74 [12]
75 [71]
76 [12]
77 [1]
78 [12]
79 [12]
80 [12]
81 [12]
82 [12]
83 [1]
84 [12]
85 [12]
86 [12]
87 [87]
88 [12]
89 [89]
90 [89]
91 [1]
92 [12]
93 [1]
94 [89]
95 [95]
96 [1]
97 [97]
98 [1]
99 [99]
100 [1]
101 [101]
102 [1]
103 [1]
104 [1]
105 [1]
106 [1]
107 [1]
108 [12]
109 [12]
110 [12]
111 [111]
112 [12]
113 [12]
114 [12]
115 [12]
116 [116]
117 [12]
118 [116]
119 [12]
120 [12]
121 [12]
122 [12]
123 [123]
124 [124]
125 [125]
126 [124]
127 [127]
128 [128]
129 [129]
130 [130]
131 [131]
132 [132]
133 [133]
134 [134]
135 [135]
136 [136]
137 [137]
138 [137]
139 [139]
140 [139]
141 [137]
142 [139]
143 [137]
144 [137]
145 [145]
146 [145]
147 [145]
148 [137]
149 [149]
150 [145]
151 [137]
152 [149]
153 [153]
154 [145]
155 [149]
156 [149]
157 [149]
158 [149]
159 [159]
160 [149]
161 [149]
162 [149]
163 [163]
164 [163]
165 [163]
166 [163]
167 [167]
168 [168]
169 [167]
170 [170]
171 [171]
172 [172]
173 [172]
174 [172]
175 [175]
176 [172]
177 [175]
178 [172]
179 [172]
180 [172]
181 [172]
182 [172]
183 [183]
184 [184]
185 [172]
186 [186]
187 [172]
188 [188]
189 [189]
190 [190]
191 [191]
192 [189]
193 [193]
194 [194]
195 [195]
196 [196]
197 [197]
198 [198]
199 [199]
200 [200]
201 [201]
202 [202]
203 [203]
204 [198]
205 [205]
206 [199]
207 [193]
208 [202]
209 [191]
210 [203]
211 [211]
212 [212]
213 [213]
214 [214]
215 [215]
216 [216]
217 [202]
218 [218]
219 [219]
220 [202]
221 [219]
222 [202]
223 [223]
224 [224]
225 [225]
226 [226]
227 [227]
228 [228]
229 [229]
230 [230]
231 [231]
232 [232]
233 [231]
234 [234]
235 [235]
236 [236]
237 [237]
238 [238]
239 [239]
240 [240]
241 [241]
242 [240]
243 [243]
244 [244]
245 [245]
246 [246]
247 [243]
248 [248]
249 [249]
250 [250]
251 [251]
252 [252]
253 [253]
254 [254]
255 [255]
256 [256]
