1 [1]
2 [2]
3 [1]
4 [1]
5 [1]
6 [1]
7 [1]
8 [1]
9 [1]
10 [1]
11 [1]
12 [1]
13 [13]
14 [13]
15 [13]
16 [13]
17 [13]
18 [13]
19 [13]
20 [20]
21 [13]
22 [13]
23 [13]
24 [13]
25 [13]
26 [26]
27 [13]
28 [13]
29 [13]
30 [13]
31 [13]
32 [13]
33 [33]
34 [34]
35 [35]
36 [36]
37 [36]
38 [38]
39 [38]
40 [38]
41 [38]
42 [42]
43 [38]
44 [38]
45 [38]
46 [46]
47 [46]
48 [46]
49 [49]
50 [49]
51 [49]
52 [49]
53 [49]
54 [49]
55 [55]
56 [49]
57 [49]
58 [49]
59 [49]
60 [49]
61 [49]
62 [49]
63 [49]
64 [64]
65 [49]
66 [64]
67 [49]
68 [68]
69 [68]
70 [49]
71 [49]
72 [68]
73 [49]
74 [49]
75 [68]
76 [49]
77 [77]
78 [49]
79 [49]
80 [64]
81 [64]
82 [49]
83 [49]
84 [49]
85 [85]
86 [49]
87 [68]
88 [64]
89 [49]
90 [68]
91 [49]
92 [49]
93 [49]
94 [68]
95 [95]
96 [95]
97 [49]
98 [64]
99 [68]
100 [95]
101 [49]
102 [68]
103 [103]
104 [95]
105 [105]
106 [49]
107 [95]
108 [49]
109 [68]
110 [49]
111 [68]
112 [49]
113 [68]
114 [49]
115 [115]
116 [116]
117 [116]
118 [49]
119 [49]
120 [68]
121 [49]
122 [49]
123 [68]
124 [68]
125 [68]
126 [68]
127 [68]
128 [68]
129 [68]
130 [68]
131 [131]
132 [132]
133 [133]
134 [68]
135 [68]
136 [68]
137 [68]
138 [68]
139 [68]
140 [140]
141 [68]
142 [140]
143 [68]
144 [68]
145 [140]
146 [140]
147 [140]
148 [140]
149 [140]
150 [150]
151 [151]
152 [150]
153 [153]
154 [154]
155 [150]
156 [156]
157 [157]
158 [158]
159 [157]
160 [158]
161 [158]
162 [162]
163 [162]
164 [158]
165 [165]
166 [166]
167 [167]
168 [166]
169 [169]
170 [170]
171 [167]
172 [169]
173 [169]
174 [167]
175 [167]
176 [176]
177 [157]
178 [178]
179 [157]
180 [180]
181 [180]
182 [180]
183 [183]
184 [184]
185 [184]
186 [184]
187 [187]
188 [187]
189 [187]
190 [187]
191 [187]
192 [187]
193 [187]
194 [187]
195 [195]
196 [187]
197 [184]
198 [187]
199 [184]
200 [187]
201 [184]
202 [195]
203 [187]
204 [204]
205 [195]
206 [184]
207 [204]
208 [195]
209 [204]
210 [195]
211 [204]
212 [212]
213 [213]
214 [187]
215 [187]
216 [204]
217 [204]
218 [218]
219 [219]
220 [218]
221 [221]
222 [222]
223 [223]
224 [221]
225 [219]
226 [223]
227 [221]
228 [228]
229 [229]
230 [230]
231 [229]
232 [232]
233 [230]
234 [232]
235 [235]
236 [230]
237 [232]
238 [235]
239 [230]
240 [187]
241 [232]
242 [235]
243 [243]
244 [232]
245 [245]
246 [246]
247 [187]
248 [187]
249 [187]
250 [250]
251 [187]
252 [187]
253 [187]
254 [254]
255 [255]
256 [256]
257 [257]
258 [258]
259 [258]
260 [258]
261 [261]
262 [262]
263 [263]
264 [187]
265 [265]
266 [266]
267 [267]
268 [266]
269 [269]
270 [270]
271 [266]
272 [269]
273 [266]
274 [269]
275 [275]
276 [266]
277 [277]
278 [266]
279 [277]
280 [266]
281 [277]
282 [266]
283 [266]
284 [277]
285 [285]
286 [266]
287 [287]
288 [266]
289 [277]
290 [266]
291 [291]
292 [292]
293 [266]
294 [291]
295 [266]
296 [277]
297 [277]
298 [298]
299 [277]
300 [300]
301 [277]
302 [302]
303 [302]
304 [302]
305 [302]
306 [277]
307 [277]
308 [302]
309 [277]
310 [310]
311 [277]
312 [277]
313 [277]
314 [314]
315 [315]
316 [277]
317 [317]
318 [277]
319 [277]
320 [277]
321 [277]
322 [322]
323 [277]
324 [277]
325 [277]
326 [277]
327 [277]
328 [277]
329 [277]
330 [277]
331 [277]
332 [277]
333 [277]
334 [277]
335 [277]
336 [277]
337 [277]
338 [277]
339 [277]
340 [340]
341 [340]
342 [277]
343 [343]
344 [344]
345 [345]
346 [346]
347 [347]
348 [348]
349 [349]
350 [277]
351 [344]
