1 [1]
2 [2]
3 [3]
4 [4]
5 [4]
6 [4]
7 [4]
8 [4]
9 [4]
10 [4]
11 [11]
12 [12]
13 [4]
14 [14]
15 [15]
16 [4]
17 [17]
18 [4]
19 [14]
20 [20]
21 [4]
22 [4]
23 [23]
24 [4]
25 [23]
26 [23]
27 [4]
28 [23]
29 [23]
30 [4]
31 [23]
32 [4]
33 [4]
34 [4]
35 [35]
36 [36]
37 [36]
38 [36]
39 [4]
40 [36]
41 [36]
42 [36]
43 [36]
44 [4]
45 [36]
46 [46]
47 [36]
48 [4]
49 [36]
50 [4]
51 [51]
52 [36]
53 [4]
54 [36]
55 [4]
56 [56]
57 [36]
58 [4]
59 [4]
60 [36]
61 [4]
62 [4]
63 [36]
64 [4]
65 [4]
66 [36]
67 [4]
68 [4]
69 [36]
70 [70]
71 [71]
72 [36]
73 [36]
74 [74]
75 [75]
76 [76]
77 [77]
78 [78]
79 [78]
80 [78]
81 [78]
82 [36]
83 [78]
84 [78]
85 [78]
86 [36]
87 [78]
88 [78]
89 [36]
90 [78]
91 [36]
92 [78]
93 [36]
94 [78]
95 [36]
96 [78]
97 [36]
98 [98]
99 [36]
100 [78]
101 [36]
102 [78]
103 [36]
104 [36]
105 [78]
106 [36]
107 [107]
108 [108]
109 [109]
110 [36]
111 [78]
112 [108]
113 [113]
114 [114]
115 [115]
116 [78]
117 [117]
118 [118]
119 [119]
120 [118]
121 [118]
122 [118]
123 [119]
124 [118]
125 [78]
126 [118]
127 [78]
128 [118]
129 [118]
130 [78]
131 [131]
132 [119]
133 [118]
134 [78]
135 [118]
136 [136]
137 [78]
138 [118]
139 [78]
140 [140]
141 [118]
142 [78]
143 [140]
144 [118]
145 [78]
146 [146]
147 [78]
148 [140]
149 [118]
150 [78]
151 [118]
152 [78]
153 [153]
154 [78]
155 [153]
156 [153]
157 [118]
158 [78]
159 [159]
160 [153]
161 [78]
162 [162]
163 [118]
164 [159]
165 [159]
166 [166]
167 [159]
168 [166]
169 [162]
170 [170]
171 [118]
172 [172]
173 [170]
174 [118]
175 [175]
176 [170]
177 [118]
178 [178]
179 [179]
180 [170]
181 [118]
182 [179]
183 [183]
184 [184]
185 [185]
186 [118]
187 [187]
188 [188]
189 [189]
190 [190]
191 [191]
192 [190]
193 [193]
194 [193]
195 [195]
196 [193]
197 [195]
198 [118]
199 [118]
200 [118]
201 [201]
202 [195]
203 [118]
204 [193]
205 [193]
206 [206]
207 [195]
208 [118]
209 [206]
210 [195]
211 [118]
212 [193]
213 [195]
214 [118]
215 [215]
216 [193]
217 [215]
218 [170]
219 [215]
220 [195]
221 [118]
222 [222]
223 [193]
224 [195]
225 [118]
226 [226]
227 [227]
228 [222]
229 [193]
230 [118]
231 [118]
232 [193]
233 [118]
234 [234]
235 [235]
236 [193]
237 [118]
238 [234]
239 [235]
240 [118]
241 [241]
242 [118]
243 [118]
244 [234]
245 [245]
246 [246]
247 [247]
248 [118]
249 [234]
250 [250]
251 [193]
252 [247]
253 [250]
254 [193]
255 [193]
256 [256]
257 [234]
258 [215]
259 [247]
260 [250]
261 [261]
262 [256]
263 [195]
264 [261]
265 [265]
266 [256]
267 [234]
268 [250]
269 [235]
270 [235]
271 [235]
272 [118]
273 [234]
274 [261]
275 [235]
276 [276]
277 [277]
278 [278]
279 [235]
280 [193]
281 [278]
282 [282]
283 [118]
284 [278]
285 [250]
286 [282]
287 [261]
288 [234]
289 [278]
290 [247]
291 [282]
292 [118]
293 [234]
294 [294]
295 [278]
296 [247]
297 [250]
298 [282]
299 [299]
300 [118]
301 [234]
302 [294]
303 [278]
304 [250]
305 [282]
306 [299]
307 [307]
308 [215]
309 [247]
310 [250]
311 [282]
312 [299]
313 [118]
314 [250]
315 [250]
316 [299]
317 [317]
318 [318]
319 [250]
320 [234]
321 [278]
322 [247]
323 [318]
324 [234]
325 [325]
326 [278]
327 [278]
328 [278]
329 [278]
330 [278]
331 [318]
332 [332]
333 [299]
334 [325]
335 [278]
336 [278]
337 [278]
338 [278]
339 [278]
340 [118]
341 [325]
342 [278]
343 [278]
344 [278]
345 [278]
346 [235]
347 [347]
348 [278]
349 [347]
350 [234]
351 [278]
352 [247]
353 [318]
354 [354]
355 [347]
356 [118]
357 [234]
358 [278]
359 [354]
360 [347]
361 [299]
362 [354]
363 [235]
364 [118]
365 [234]
366 [366]
367 [278]
368 [299]
369 [354]
370 [234]
371 [299]
372 [372]
373 [118]
374 [299]
375 [354]
376 [376]
377 [235]
378 [376]
379 [299]
380 [380]
381 [235]
382 [118]
383 [376]
384 [299]
385 [380]
386 [235]
387 [376]
388 [299]
389 [389]
390 [390]
391 [380]
392 [235]
393 [118]
394 [376]
395 [389]
396 [380]
397 [235]
398 [118]
399 [234]
400 [299]
401 [299]
402 [235]
403 [118]
404 [234]
405 [299]
406 [299]
407 [354]
408 [380]
409 [235]
410 [118]
411 [234]
412 [234]
413 [247]
414 [354]
415 [380]
416 [118]
417 [234]
418 [234]
419 [318]
420 [299]
421 [354]
422 [380]
423 [235]
424 [118]
425 [234]
426 [234]
427 [427]
428 [427]
429 [318]
430 [299]
431 [354]
432 [118]
433 [234]
434 [234]
435 [427]
436 [247]
437 [376]
438 [118]
439 [439]
440 [234]
441 [234]
442 [442]
443 [443]
444 [376]
445 [299]
446 [380]
447 [235]
448 [118]
449 [234]
450 [442]
451 [442]
452 [376]
453 [380]
454 [454]
455 [454]
456 [118]
457 [442]
458 [299]
459 [380]
460 [454]
461 [234]
462 [427]
463 [380]
464 [454]
465 [118]
466 [380]
467 [467]
468 [235]
469 [376]
470 [299]
471 [299]
472 [380]
473 [235]
474 [118]
475 [299]
476 [380]
477 [235]
478 [118]
479 [234]
480 [380]
481 [235]
482 [118]
483 [483]
484 [299]
485 [380]
486 [235]
487 [487]
488 [380]
489 [235]
490 [118]
491 [299]
492 [487]
493 [380]
494 [235]
495 [118]
496 [380]
497 [235]
498 [235]
499 [118]
500 [299]
501 [380]
502 [118]
503 [235]
504 [235]
505 [380]
506 [118]
507 [507]
508 [380]
509 [118]
510 [510]
511 [380]
512 [118]
513 [513]
514 [380]
515 [118]
516 [516]
517 [380]
518 [235]
519 [235]
520 [118]
521 [235]
522 [118]
523 [380]
524 [524]
525 [235]
526 [380]
527 [235]
528 [118]
529 [118]
530 [530]
531 [118]
532 [532]
533 [235]
534 [118]
535 [535]
536 [235]
537 [235]
538 [118]
539 [235]
540 [118]
541 [541]
542 [235]
543 [118]
544 [118]
545 [235]
546 [235]
547 [118]
548 [235]
549 [235]
550 [235]
551 [118]
552 [118]
553 [235]
554 [118]
555 [118]
556 [556]
557 [557]
558 [557]
559 [118]
560 [560]
561 [118]
562 [118]
563 [560]
564 [118]
565 [118]
566 [560]
567 [567]
568 [118]
569 [567]
570 [118]
571 [567]
572 [118]
573 [118]
574 [118]
575 [118]
576 [118]
577 [577]
578 [118]
579 [118]
580 [118]
581 [118]
582 [577]
583 [118]
584 [118]
585 [118]
586 [586]
587 [587]
588 [588]
589 [587]
590 [587]
591 [587]
592 [592]
593 [593]
594 [586]
595 [593]
596 [593]
597 [597]
598 [593]
599 [587]
600 [600]
601 [593]
602 [586]
603 [593]
604 [593]
605 [587]
606 [593]
607 [587]
608 [600]
609 [593]
610 [587]
611 [600]
612 [600]
613 [600]
614 [600]
615 [615]
616 [615]
617 [615]
618 [615]
619 [615]
620 [615]
621 [615]
622 [615]
623 [600]
624 [615]
625 [615]
626 [615]
627 [627]
628 [628]
629 [629]
630 [627]
631 [629]
632 [629]
633 [633]
634 [627]
635 [627]
636 [627]
637 [627]
638 [627]
639 [627]
640 [627]
641 [627]
642 [627]
643 [627]
644 [627]
645 [645]
646 [627]
647 [627]
648 [627]
649 [627]
650 [650]
651 [651]
652 [627]
653 [627]
654 [627]
655 [655]
656 [656]
657 [657]
658 [658]
659 [627]
660 [660]
661 [661]
662 [627]
663 [663]
664 [664]
665 [627]
666 [627]
667 [627]
668 [627]
669 [627]
670 [627]
671 [627]
672 [627]
673 [627]
674 [674]
675 [627]
676 [676]
