1 [1]
2 [1]
3 [1]
4 [4]
5 [5]
6 [5]
7 [5]
8 [5]
9 [5]
10 [5]
11 [11]
12 [12]
13 [13]
14 [14]
15 [1]
16 [1]
17 [1]
18 [1]
19 [1]
20 [1]
21 [1]
22 [1]
23 [1]
24 [1]
25 [1]
26 [1]
27 [1]
28 [1]
29 [1]
30 [1]
31 [1]
32 [1]
33 [1]
34 [1]
35 [1]
36 [1]
37 [1]
38 [1]
39 [1]
40 [1]
41 [1]
42 [1]
43 [1]
44 [1]
45 [1]
46 [1]
47 [1]
48 [1]
49 [1]
50 [1]
51 [51]
52 [51]
53 [51]
54 [51]
55 [51]
56 [56]
57 [51]
58 [58]
59 [58]
60 [58]
61 [61]
62 [61]
63 [61]
64 [61]
65 [65]
66 [65]
67 [65]
68 [68]
69 [68]
70 [68]
71 [68]
72 [72]
73 [72]
74 [72]
75 [72]
76 [72]
77 [72]
78 [72]
79 [68]
80 [80]
81 [72]
