# label area perimeter xmin xmax ymin ymax width height spatial_area pass_area pass_dims pass_pix_area pass_aspect pass_circ pass_fill pass_fill_min
1 14337 1119 836 1144 185 312 308 127 39116 1 1 1 0 1 1 1
327 961 203 1710 1800 529 544 90 15 1350 1 0 1 0 1 0 1
343 787 166 539 615 545 556 76 11 836 1 0 1 0 1 0 1
359 634 208 1691 1793 554 563 102 9 918 1 0 1 0 1 0 1
342 492 147 394 462 545 552 68 7 476 1 0 1 0 1 0 1
256 461 219 745 794 470 498 49 28 1372 1 0 1 0 1 1 1
344 417 105 680 727 545 556 47 11 517 1 0 1 0 1 0 1
108 370 83 926 948 382 404 22 22 484 1 0 1 1 1 0 1
239 255 116 1077 1133 447 453 56 6 336 1 0 0 0 1 0 1
387 246 107 1225 1234 644 692 9 48 432 1 0 0 0 1 1 1
278 237 147 310 359 490 521 49 31 1519 1 0 0 0 1 1 0
302 185 78 1631 1665 500 509 34 9 306 1 0 0 0 1 0 1
140 175 69 872 897 396 406 25 10 250 0 0 0 0 1 0 1
163 174 69 1096 1127 402 410 31 8 248 0 0 0 0 1 0 1
197 170 69 1026 1050 423 438 24 15 360 1 0 0 0 1 1 1
328 169 58 1590 1614 530 537 24 7 168 0 0 0 0 1 0 1
206 165 50 754 768 425 443 14 18 252 0 0 0 1 1 0 1
357 150 62 1586 1614 553 558 28 5 140 0 0 0 0 1 0 1
158 146 52 725 743 402 411 18 9 162 0 0 0 0 1 0 1
199 126 68 1615 1639 423 432 24 9 216 0 0 0 0 1 1 1
335 120 46 783 804 533 539 21 6 126 0 0 0 0 1 0 1
116 119 66 1000 1025 385 399 25 14 350 1 0 0 0 1 1 1
385 118 47 1445 1460 642 652 15 10 150 0 0 0 0 1 0 1
418 110 58 1129 1153 706 713 24 7 168 0 0 0 0 1 0 1
334 99 45 591 606 533 541 15 8 120 0 0 0 0 1 0 1
200 96 48 719 737 424 433 18 9 162 0 0 0 0 1 1 1
384 90 54 1487 1512 639 642 25 3 75 0 0 0 0 1 0 1
97 80 34 1038 1051 372 381 13 9 117 0 0 0 0 1 0 1
253 73 43 521 538 468 476 17 8 136 0 0 0 0 1 1 1
99 72 72 1180 1229 372 374 49 2 98 0 0 0 0 1 0 1
306 72 32 284 295 502 508 11 6 66 0 0 0 0 1 0 1
136 60 36 1051 1066 394 404 15 10 150 0 0 0 0 1 1 1
398 60 44 1039 1044 655 677 5 22 110 0 0 0 0 1 1 1
201 53 34 740 751 424 433 11 9 99 0 0 0 1 1 1 1
242 46 43 1138 1163 449 451 25 2 50 0 0 0 0 1 0 1
106 45 36 1065 1080 380 390 15 10 150 0 0 0 0 1 1 1
244 43 38 519 538 456 460 19 4 76 0 0 0 0 1 1 1
356 43 43 1539 1575 553 554 36 1 36 0 0 0 0 1 0 1
169 42 23 1026 1033 405 412 7 7 49 0 0 0 1 1 0 1
320 41 34 320 333 515 521 13 6 78 0 0 0 0 1 1 1
298 38 36 822 841 499 502 19 3 57 0 0 0 0 1 0 1
339 36 20 1691 1698 536 541 7 5 35 0 0 0 0 1 0 1
415 36 30 1032 1035 699 714 3 15 45 0 0 0 0 1 0 1
274 35 27 348 359 489 493 11 4 44 0 0 0 0 1 0 1
129 30 26 1027 1045 391 395 18 4 72 0 0 0 0 1 1 1
232 30 30 1000 1024 443 444 24 1 24 0 0 0 0 1 0 1
417 30 23 1231 1243 704 707 12 3 36 0 0 0 0 1 0 1
411 28 22 860 870 682 685 10 3 30 0 0 0 0 1 0 1
425 28 22 400 410 863 865 10 2 20 0 0 0 0 1 0 1
121 26 22 1256 1269 388 390 13 2 26 0 0 0 0 1 0 1
98 25 25 1155 1179 372 372 24 0 0 0 0 0 0 1 0 0
330 25 21 668 670 531 540 2 9 18 0 0 0 0 1 0 1
381 25 21 1416 1418 634 649 2 15 30 0 0 0 0 1 0 1
369 24 24 694 717 562 562 23 0 0 0 0 0 0 1 0 0
251 20 14 505 507 467 474 2 7 14 0 0 0 0 1 0 1
362 19 18 1583 1588 556 562 5 6 30 0 0 0 1 1 0 1
372 19 19 770 784 585 588 14 3 42 0 0 0 0 1 1 1
223 17 14 945 948 437 442 3 5 15 0 0 0 0 1 0 1
88 15 11 1022 1025 304 307 3 3 9 0 0 0 1 1 0 1
354 15 15 1640 1650 551 552 10 1 10 0 0 0 0 1 0 1
408 15 15 975 976 672 681 1 9 9 0 0 0 0 1 0 1
474 15 15 1411 1424 939 940 13 1 13 0 0 0 0 1 0 1
187 14 14 1603 1606 416 422 3 6 18 0 0 0 0 1 0 1
341 14 11 740 743 542 545 3 3 9 0 0 0 1 1 0 1
378 14 13 1827 1833 618 621 6 3 18 0 0 0 0 1 0 1
421 14 14 822 832 715 716 10 1 10 0 0 0 0 1 0 1
246 13 11 681 683 461 465 2 4 8 0 0 0 0 1 0 1
450 13 13 1691 1693 921 926 2 5 10 0 0 0 0 1 0 1
144 12 11 1007 1012 397 400 5 3 15 0 0 0 0 1 0 1
145 12 9 1018 1021 397 400 3 3 9 0 0 0 1 1 0 1
456 12 12 1715 1716 924 930 1 6 6 0 0 0 0 1 0 1
280 11 10 391 394 490 494 3 4 12 0 0 0 1 1 0 1
303 11 10 842 846 501 503 4 2 8 0 0 0 0 1 0 1
371 11 11 761 768 573 574 7 1 7 0 0 0 0 1 0 1
442 11 9 1624 1626 913 916 2 3 6 0 0 0 0 1 0 1
260 10 8 726 731 473 475 5 2 10 0 0 0 0 1 0 1
438 10 9 1595 1598 910 915 3 5 15 0 0 0 0 1 0 1
447 10 10 1679 1680 917 922 1 5 5 0 0 0 0 1 0 1
95 9 9 1248 1256 368 368 8 0 0 0 0 0 0 1 0 0
174 9 9 1590 1593 407 410 3 3 9 0 0 0 1 1 0 1
225 9 8 745 747 438 440 2 2 4 0 0 0 1 1 0 1
459 9 9 1385 1387 926 929 2 3 6 0 0 0 0 1 0 1
189 8 8 1077 1081 418 421 4 3 12 0 0 0 1 1 0 1
321 8 8 666 667 515 519 1 4 4 0 0 0 0 1 0 1
457 8 7 1675 1678 925 927 3 2 6 0 0 0 0 1 0 1
107 7 7 1180 1182 381 383 2 2 4 0 0 0 1 1 0 1
168 7 7 925 925 405 411 0 6 0 0 0 0 0 1 0 0
219 7 7 1000 1005 434 435 5 1 5 0 0 0 0 1 0 1
229 7 7 755 759 442 443 4 1 4 0 0 0 0 1 0 1
299 7 7 847 853 499 499 6 0 0 0 0 0 0 1 0 0
443 7 6 1609 1611 914 916 2 2 4 0 0 0 1 1 0 1
446 7 7 1665 1666 915 919 1 4 4 0 0 0 0 1 0 1
94 6 6 1432 1434 324 325 2 1 2 0 0 0 0 1 0 1
183 6 6 1606 1608 409 412 2 3 6 0 0 0 0 1 0 1
202 6 6 767 768 424 427 1 3 3 0 0 0 0 1 0 1
216 6 6 719 723 432 433 4 1 4 0 0 0 0 1 0 1
255 6 6 513 514 470 474 1 4 4 0 0 0 0 1 0 1
288 6 6 289 294 493 493 5 0 0 0 0 0 0 1 0 0
292 6 6 389 390 495 498 1 3 3 0 0 0 0 1 0 1
374 6 6 789 794 589 589 5 0 0 0 0 0 0 1 0 0
375 6 6 1573 1577 597 598 4 1 4 0 0 0 0 1 0 1
480 6 6 1713 1718 954 954 5 0 0 0 0 0 0 1 0 0
103 5 5 1107 1111 375 375 4 0 0 0 0 0 0 1 0 0
236 5 5 936 940 444 444 4 0 0 0 0 0 0 1 0 0
250 5 5 765 769 466 466 4 0 0 0 0 0 0 1 0 0
272 5 5 328 330 489 490 2 1 2 0 0 0 0 1 0 1
396 5 5 1448 1452 653 653 4 0 0 0 0 0 0 1 0 0
414 5 5 745 745 694 698 0 4 0 0 0 0 0 1 0 0
424 5 5 438 442 850 850 4 0 0 0 0 0 0 1 0 0
441 5 5 1676 1678 912 913 2 1 2 0 0 0 0 1 0 1
453 5 4 1707 1709 923 925 2 2 4 0 0 0 1 1 0 1
468 5 5 1724 1726 934 935 2 1 2 0 0 0 0 1 0 1
481 5 5 1763 1767 954 954 4 0 0 0 0 0 0 1 0 0
92 4 4 1385 1388 316 316 3 0 0 0 0 0 0 1 0 0
104 4 4 1103 1106 376 376 3 0 0 0 0 0 0 1 0 0
109 4 4 1033 1036 382 382 3 0 0 0 0 0 0 1 0 0
117 4 4 1026 1028 385 386 2 1 2 0 0 0 0 1 0 1
234 4 4 920 923 444 444 3 0 0 0 0 0 0 1 0 0
285 4 4 676 679 491 491 3 0 0 0 0 0 0 1 0 0
432 4 4 1392 1395 884 884 3 0 0 0 0 0 0 1 0 0
436 4 4 1618 1620 906 907 2 1 2 0 0 0 0 1 0 1
437 4 4 1621 1623 908 909 2 1 2 0 0 0 0 1 0 1
465 4 4 1703 1705 931 932 2 1 2 0 0 0 0 1 0 1
469 4 4 1696 1699 935 935 3 0 0 0 0 0 0 1 0 0
93 3 3 1026 1026 320 322 0 2 0 0 0 0 0 1 0 0
138 3 3 1046 1048 395 395 2 0 0 0 0 0 0 1 0 0
185 3 3 875 876 410 411 1 1 1 0 0 0 1 1 0 1
186 3 3 924 924 412 414 0 2 0 0 0 0 0 1 0 0
193 3 3 1023 1025 420 420 2 0 0 0 0 0 0 1 0 0
195 3 3 1074 1076 422 422 2 0 0 0 0 0 0 1 0 0
220 3 3 748 749 435 436 1 1 1 0 0 0 1 1 0 1
227 3 3 895 897 439 439 2 0 0 0 0 0 0 1 0 0
249 3 3 757 757 466 468 0 2 0 0 0 0 0 1 0 0
283 3 3 284 285 491 492 1 1 1 0 0 0 1 1 0 1
325 3 3 332 333 520 521 1 1 1 0 0 0 1 1 0 1
373 3 3 795 795 586 588 0 2 0 0 0 0 0 1 0 0
377 3 3 1014 1016 610 610 2 0 0 0 0 0 0 1 0 0
392 3 3 1522 1524 649 649 2 0 0 0 0 0 0 1 0 0
405 3 3 1422 1423 668 669 1 1 1 0 0 0 1 1 0 1
420 3 3 863 865 713 713 2 0 0 0 0 0 0 1 0 0
452 3 3 1615 1617 922 922 2 0 0 0 0 0 0 1 0 0
467 3 3 1728 1729 931 932 1 1 1 0 0 0 1 1 0 1
475 3 3 1637 1639 939 939 2 0 0 0 0 0 0 1 0 0
477 3 3 1727 1729 951 951 2 0 0 0 0 0 0 1 0 0
479 3 3 1720 1722 953 953 2 0 0 0 0 0 0 1 0 0
484 3 3 1729 1731 957 957 2 0 0 0 0 0 0 1 0 0
85 2 2 1298 1299 299 299 1 0 0 0 0 0 0 1 0 0
86 2 2 1300 1301 300 300 1 0 0 0 0 0 0 1 0 0
114 2 2 1083 1084 384 384 1 0 0 0 0 0 0 1 0 0
118 2 2 1037 1038 385 385 1 0 0 0 0 0 0 1 0 0
128 2 2 1026 1026 391 392 0 1 0 0 0 0 0 1 0 0
131 2 2 1218 1219 391 391 1 0 0 0 0 0 0 1 0 0
157 2 2 1134 1135 400 400 1 0 0 0 0 0 0 1 0 0
175 2 2 1599 1600 407 407 1 0 0 0 0 0 0 1 0 0
179 2 2 1601 1602 408 408 1 0 0 0 0 0 0 1 0 0
194 2 2 1022 1022 421 422 0 1 0 0 0 0 0 1 0 0
226 2 2 753 754 438 438 1 0 0 0 0 0 0 1 0 0
231 2 2 941 942 443 443 1 0 0 0 0 0 0 1 0 0
233 2 2 906 907 444 444 1 0 0 0 0 0 0 1 0 0
269 2 2 755 756 485 485 1 0 0 0 0 0 0 1 0 0
308 2 2 857 858 502 502 1 0 0 0 0 0 0 1 0 0
336 2 2 614 615 534 534 1 0 0 0 0 0 0 1 0 0
368 2 2 1460 1460 560 561 0 1 0 0 0 0 0 1 0 0
370 2 2 745 746 568 568 1 0 0 0 0 0 0 1 0 0
376 2 2 1023 1024 609 609 1 0 0 0 0 0 0 1 0 0
382 2 2 1608 1609 636 636 1 0 0 0 0 0 0 1 0 0
383 2 2 1590 1591 638 638 1 0 0 0 0 0 0 1 0 0
413 2 2 1308 1308 688 689 0 1 0 0 0 0 0 1 0 0
423 2 2 1411 1412 737 737 1 0 0 0 0 0 0 1 0 0
428 2 2 1510 1511 867 867 1 0 0 0 0 0 0 1 0 0
430 2 2 1397 1398 883 883 1 0 0 0 0 0 0 1 0 0
431 2 2 1359 1360 884 884 1 0 0 0 0 0 0 1 0 0
433 2 2 1369 1370 886 886 1 0 0 0 0 0 0 1 0 0
434 2 2 1382 1383 887 887 1 0 0 0 0 0 0 1 0 0
464 2 2 1652 1653 930 930 1 0 0 0 0 0 0 1 0 0
472 2 2 1628 1629 936 936 1 0 0 0 0 0 0 1 0 0
473 2 2 1705 1706 936 936 1 0 0 0 0 0 0 1 0 0
476 2 2 1716 1716 940 941 0 1 0 0 0 0 0 1 0 0
482 2 2 1736 1737 955 955 1 0 0 0 0 0 0 1 0 0
486 2 2 1766 1767 962 962 1 0 0 0 0 0 0 1 0 0
84 1 1 1297 1297 298 298 0 0 0 0 0 0 1 1 0 0
87 1 1 1306 1306 300 300 0 0 0 0 0 0 1 1 0 0
90 1 1 1014 1014 314 314 0 0 0 0 0 0 1 1 0 0
91 1 1 1389 1389 315 315 0 0 0 0 0 0 1 1 0 0
96 1 1 1116 1116 370 370 0 0 0 0 0 0 1 1 0 0
111 1 1 1031 1031 383 383 0 0 0 0 0 0 1 1 0 0
113 1 1 1030 1030 384 384 0 0 0 0 0 0 1 1 0 0
124 1 1 1127 1127 389 389 0 0 0 0 0 0 1 1 0 0
130 1 1 1069 1069 391 391 0 0 0 0 0 0 1 1 0 0
133 1 1 1068 1068 392 392 0 0 0 0 0 0 1 1 0 0
135 1 1 1067 1067 393 393 0 0 0 0 0 0 1 1 0 0
137 1 1 1014 1014 395 395 0 0 0 0 0 0 1 1 0 0
141 1 1 1013 1013 396 396 0 0 0 0 0 0 1 1 0 0
147 1 1 1145 1145 397 397 0 0 0 0 0 0 1 1 0 0
154 1 1 1138 1138 399 399 0 0 0 0 0 0 1 1 0 0
164 1 1 1128 1128 402 402 0 0 0 0 0 0 1 1 0 0
171 1 1 1594 1594 406 406 0 0 0 0 0 0 1 1 0 0
176 1 1 873 873 408 408 0 0 0 0 0 0 1 1 0 0
180 1 1 1613 1613 408 408 0 0 0 0 0 0 1 1 0 0
181 1 1 874 874 409 409 0 0 0 0 0 0 1 1 0 0
188 1 1 1016 1016 417 417 0 0 0 0 0 0 1 1 0 0
190 1 1 1084 1084 418 418 0 0 0 0 0 0 1 1 0 0
198 1 1 1067 1067 423 423 0 0 0 0 0 0 1 1 0 0
218 1 1 725 725 433 433 0 0 0 0 0 0 1 1 0 0
228 1 1 902 902 439 439 0 0 0 0 0 0 1 1 0 0
230 1 1 903 903 443 443 0 0 0 0 0 0 1 1 0 0
235 1 1 927 927 444 444 0 0 0 0 0 0 1 1 0 0
238 1 1 1116 1116 445 445 0 0 0 0 0 0 1 1 0 0
245 1 1 534 534 461 461 0 0 0 0 0 0 1 1 0 0
248 1 1 525 525 465 465 0 0 0 0 0 0 1 1 0 0
267 1 1 748 748 480 480 0 0 0 0 0 0 1 1 0 0
271 1 1 758 758 486 486 0 0 0 0 0 0 1 1 0 0
273 1 1 346 346 489 489 0 0 0 0 0 0 1 1 0 0
300 1 1 859 859 499 499 0 0 0 0 0 0 1 1 0 0
304 1 1 870 870 501 501 0 0 0 0 0 0 1 1 0 0
314 1 1 1666 1666 505 505 0 0 0 0 0 0 1 1 0 0
340 1 1 1818 1818 541 541 0 0 0 0 0 0 1 1 0 0
429 1 1 1615 1615 875 875 0 0 0 0 0 0 1 1 0 0
435 1 1 1609 1609 900 900 0 0 0 0 0 0 1 1 0 0
440 1 1 1663 1663 912 912 0 0 0 0 0 0 1 1 0 0
448 1 1 1622 1622 919 919 0 0 0 0 0 0 1 1 0 0
449 1 1 1398 1398 921 921 0 0 0 0 0 0 1 1 0 0
451 1 1 1385 1385 922 922 0 0 0 0 0 0 1 1 0 0
454 1 1 1647 1647 924 924 0 0 0 0 0 0 1 1 0 0
462 1 1 1447 1447 927 927 0 0 0 0 0 0 1 1 0 0
466 1 1 1713 1713 931 931 0 0 0 0 0 0 1 1 0 0
470 1 1 1708 1708 935 935 0 0 0 0 0 0 1 1 0 0
478 1 1 1724 1724 952 952 0 0 0 0 0 0 1 1 0 0
483 1 1 1705 1705 956 956 0 0 0 0 0 0 1 1 0 0
485 1 1 1711 1711 960 960 0 0 0 0 0 0 1 1 0 0
