1 [1]
2 [1]
3 [1]
4 [1]
5 [1]
6 [1]
7 [1]
8 [1]
9 [1]
10 [1]
11 [1]
12 [1]
13 [1]
14 [1]
15 [1]
16 [1]
17 [1]
18 [1]
19 [1]
20 [1]
21 [1]
22 [1]
23 [1]
24 [1]
25 [1]
26 [1]
27 [1]
28 [1]
29 [1]
30 [1]
31 [1]
32 [1]
33 [1]
34 [1]
35 [1]
36 [1]
37 [1]
38 [1]
39 [1]
40 [1]
41 [1]
42 [1]
43 [1]
44 [1]
45 [1]
46 [1]
47 [1]
48 [1]
49 [1]
50 [1]
51 [1]
52 [1]
53 [1]
54 [1]
55 [1]
56 [1]
57 [1]
58 [1]
59 [1]
60 [1]
61 [1]
62 [1]
63 [1]
64 [1]
65 [1]
66 [1]
67 [1]
68 [1]
69 [1]
70 [1]
71 [1]
72 [1]
73 [1]
74 [1]
75 [1]
76 [1]
77 [1]
78 [1]
79 [1]
80 [1]
81 [1]
82 [1]
83 [1]
84 [84]
85 [85]
86 [86]
87 [87]
88 [88]
89 [88]
90 [90]
91 [91]
92 [92]
93 [93]
94 [94]
95 [95]
96 [96]
97 [97]
98 [98]
99 [99]
100 [97]
101 [99]
102 [97]
103 [103]
104 [104]
105 [97]
106 [106]
107 [107]
108 [108]
109 [109]
110 [108]
111 [111]
112 [108]
113 [113]
114 [114]
115 [108]
116 [116]
117 [117]
118 [118]
119 [108]
120 [108]
121 [121]
122 [108]
123 [116]
124 [124]
125 [108]
126 [106]
127 [121]
128 [128]
129 [129]
130 [130]
131 [131]
132 [129]
133 [133]
134 [129]
135 [135]
136 [136]
137 [137]
138 [138]
139 [136]
140 [140]
141 [141]
142 [136]
143 [140]
144 [144]
145 [145]
146 [136]
147 [147]
148 [140]
149 [144]
150 [145]
151 [136]
152 [140]
153 [144]
154 [154]
155 [108]
156 [144]
157 [157]
158 [158]
159 [158]
160 [158]
161 [108]
162 [136]
163 [163]
164 [164]
165 [158]
166 [158]
167 [163]
168 [168]
169 [169]
170 [163]
171 [171]
172 [169]
173 [163]
174 [174]
175 [175]
176 [176]
177 [163]
178 [174]
179 [179]
180 [180]
181 [181]
182 [163]
183 [183]
184 [158]
185 [185]
186 [186]
187 [187]
188 [188]
189 [189]
190 [190]
191 [189]
192 [187]
193 [193]
194 [194]
195 [195]
196 [187]
197 [197]
198 [198]
199 [199]
200 [200]
201 [201]
202 [202]
203 [197]
204 [197]
205 [199]
206 [206]
207 [202]
208 [199]
209 [206]
210 [199]
211 [199]
212 [206]
213 [201]
214 [206]
215 [199]
216 [216]
217 [201]
218 [218]
219 [219]
220 [220]
221 [197]
222 [197]
223 [223]
224 [197]
225 [225]
226 [226]
227 [227]
228 [228]
229 [229]
230 [230]
231 [231]
232 [232]
233 [233]
234 [234]
235 [235]
236 [236]
237 [232]
238 [238]
239 [239]
240 [239]
241 [239]
242 [242]
243 [242]
244 [244]
245 [245]
246 [246]
247 [246]
248 [248]
249 [249]
250 [250]
251 [251]
252 [251]
253 [253]
254 [253]
255 [255]
256 [256]
257 [255]
258 [253]
259 [253]
260 [260]
261 [256]
262 [253]
263 [260]
264 [253]
265 [256]
266 [256]
267 [267]
268 [256]
269 [269]
270 [256]
271 [271]
272 [272]
273 [273]
274 [274]
275 [256]
276 [256]
277 [272]
278 [278]
279 [274]
280 [280]
281 [256]
282 [256]
283 [283]
284 [280]
285 [285]
286 [256]
287 [256]
288 [288]
289 [278]
290 [280]
291 [256]
292 [292]
293 [292]
294 [278]
295 [256]
296 [278]
297 [278]
298 [298]
299 [299]
300 [300]
301 [278]
302 [302]
303 [303]
304 [304]
305 [302]
306 [306]
307 [278]
308 [308]
309 [302]
310 [306]
311 [302]
312 [278]
313 [302]
314 [314]
315 [278]
316 [302]
317 [278]
318 [278]
319 [278]
320 [320]
321 [321]
322 [320]
323 [320]
324 [320]
325 [325]
326 [325]
327 [327]
328 [328]
329 [327]
330 [330]
331 [327]
332 [327]
333 [327]
334 [334]
335 [335]
336 [336]
337 [335]
338 [335]
339 [339]
340 [340]
341 [341]
342 [342]
343 [343]
344 [344]
345 [342]
346 [343]
347 [344]
348 [343]
349 [344]
350 [344]
351 [344]
352 [342]
353 [344]
354 [354]
355 [354]
356 [356]
357 [357]
358 [356]
359 [359]
360 [357]
361 [359]
362 [362]
363 [359]
364 [359]
365 [359]
366 [359]
367 [362]
368 [368]
369 [369]
370 [370]
371 [371]
372 [372]
373 [373]
374 [374]
375 [375]
376 [376]
377 [377]
378 [378]
379 [378]
380 [378]
381 [381]
382 [382]
383 [383]
384 [384]
385 [385]
386 [385]
387 [387]
388 [381]
389 [385]
390 [387]
391 [381]
392 [392]
393 [387]
394 [387]
395 [387]
396 [396]
397 [387]
398 [398]
399 [398]
400 [398]
401 [387]
402 [398]
403 [387]
404 [398]
405 [405]
406 [398]
407 [387]
408 [408]
409 [387]
410 [387]
411 [411]
412 [411]
413 [413]
414 [414]
415 [415]
416 [415]
417 [417]
418 [418]
419 [415]
420 [420]
421 [421]
422 [421]
423 [423]
424 [424]
425 [425]
426 [425]
427 [425]
428 [428]
429 [429]
430 [430]
431 [431]
432 [432]
433 [433]
434 [434]
435 [435]
436 [436]
437 [437]
438 [438]
439 [438]
440 [440]
441 [441]
442 [442]
443 [443]
444 [438]
445 [443]
446 [446]
447 [447]
448 [448]
449 [449]
450 [450]
451 [451]
452 [452]
453 [453]
454 [454]
455 [453]
456 [456]
457 [457]
458 [456]
459 [459]
460 [457]
461 [450]
462 [462]
463 [457]
464 [464]
465 [465]
466 [466]
467 [467]
468 [468]
469 [469]
470 [470]
471 [468]
472 [472]
473 [473]
474 [474]
475 [475]
476 [476]
477 [477]
478 [478]
479 [479]
480 [480]
481 [481]
482 [482]
483 [483]
484 [484]
485 [485]
486 [486]
487 [487]
488 [476]
489 [478]
490 [476]
491 [476]
492 [492]
493 [493]
494 [494]
495 [495]
496 [496]
497 [497]
498 [498]
499 [499]
500 [478]
501 [501]
502 [502]
503 [503]
504 [504]
505 [497]
506 [502]
507 [507]
508 [508]
509 [509]
510 [478]
511 [511]
512 [512]
513 [513]
514 [514]
515 [515]
516 [516]
517 [517]
518 [517]
519 [519]
520 [517]
521 [517]
522 [522]
523 [517]
524 [524]
525 [517]
526 [526]
527 [527]
528 [425]
529 [425]
530 [425]
531 [425]
532 [532]
533 [425]
534 [534]
535 [425]
536 [425]
537 [537]
538 [538]
539 [425]
540 [425]
541 [541]
542 [538]
543 [425]
544 [544]
545 [538]
546 [425]
547 [425]
548 [544]
549 [549]
550 [538]
551 [544]
552 [552]
553 [544]
554 [425]
555 [425]
556 [556]
557 [557]
558 [425]
559 [425]
560 [556]
561 [561]
562 [557]
563 [425]
564 [544]
565 [565]
566 [544]
567 [567]
568 [565]
569 [569]
570 [425]
571 [567]
572 [572]
573 [573]
574 [425]
575 [565]
576 [572]
577 [577]
578 [425]
579 [579]
580 [425]
581 [425]
582 [425]
583 [425]
584 [584]
585 [425]
586 [425]
587 [584]
588 [425]
589 [589]
590 [590]
591 [589]
592 [592]
593 [593]
594 [594]
595 [595]
596 [593]
597 [597]
598 [593]
599 [599]
600 [595]
601 [601]
602 [602]
603 [603]
604 [604]
605 [605]
606 [606]
607 [607]
608 [608]
609 [609]
610 [610]
611 [608]
612 [610]
613 [610]
614 [610]
615 [615]
616 [616]
617 [617]
618 [616]
619 [619]
620 [620]
621 [621]
622 [621]
623 [623]
624 [624]
625 [625]
626 [626]
627 [627]
628 [628]
629 [629]
630 [627]
631 [629]
632 [629]
633 [633]
634 [627]
635 [627]
636 [627]
637 [627]
638 [627]
639 [627]
640 [627]
641 [627]
642 [627]
643 [627]
644 [627]
645 [645]
646 [627]
647 [627]
648 [627]
649 [627]
650 [650]
651 [651]
652 [627]
653 [627]
654 [627]
655 [655]
656 [656]
657 [657]
658 [658]
659 [627]
660 [660]
661 [661]
662 [627]
663 [663]
664 [664]
665 [627]
666 [627]
667 [627]
668 [627]
669 [627]
670 [627]
671 [627]
672 [627]
673 [627]
674 [674]
675 [627]
676 [676]
