1 [1]
2 [1]
3 [3]
4 [3]
5 [3]
6 [3]
7 [3]
8 [3]
9 [3]
10 [10]
11 [3]
12 [10]
13 [3]
14 [3]
15 [3]
16 [3]
17 [3]
18 [3]
19 [3]
20 [20]
21 [21]
22 [22]
23 [23]
24 [23]
25 [25]
26 [26]
27 [27]
28 [3]
29 [3]
30 [26]
31 [27]
32 [3]
33 [3]
34 [3]
35 [27]
36 [3]
37 [37]
38 [3]
39 [39]
40 [40]
41 [3]
42 [42]
43 [40]
44 [44]
45 [45]
46 [3]
47 [47]
48 [48]
49 [49]
50 [50]
51 [50]
52 [3]
53 [50]
54 [54]
55 [3]
56 [3]
57 [57]
58 [57]
59 [57]
60 [60]
61 [60]
62 [57]
63 [63]
64 [64]
65 [57]
66 [60]
67 [3]
68 [57]
69 [60]
70 [70]
71 [57]
72 [60]
73 [70]
74 [60]
75 [70]
76 [57]
77 [57]
78 [3]
79 [57]
80 [70]
81 [57]
82 [70]
83 [70]
84 [57]
85 [70]
86 [57]
87 [70]
88 [70]
89 [57]
90 [57]
91 [70]
92 [70]
93 [57]
94 [70]
95 [57]
96 [57]
97 [70]
98 [57]
99 [57]
100 [70]
101 [70]
102 [70]
103 [70]
104 [104]
105 [70]
106 [106]
107 [70]
108 [70]
109 [109]
110 [110]
111 [111]
112 [112]
113 [113]
114 [114]
115 [115]
116 [116]
117 [117]
118 [118]
119 [119]
120 [120]
121 [120]
122 [120]
123 [123]
124 [120]
125 [125]
126 [126]
127 [120]
128 [128]
129 [129]
130 [129]
131 [131]
132 [129]
133 [133]
134 [129]
135 [133]
136 [133]
137 [137]
138 [138]
139 [139]
140 [140]
141 [138]
142 [138]
143 [138]
144 [120]
145 [138]
146 [120]
147 [120]
148 [148]
149 [149]
150 [148]
151 [149]
152 [148]
153 [153]
154 [154]
155 [155]
156 [156]
157 [156]
158 [158]
159 [156]
160 [160]
161 [161]
162 [156]
163 [163]
164 [160]
165 [165]
166 [166]
167 [163]
168 [168]
169 [163]
170 [168]
171 [171]
172 [172]
173 [171]
174 [174]
175 [174]
176 [176]
177 [177]
178 [178]
179 [174]
180 [180]
181 [181]
182 [178]
183 [174]
184 [178]
185 [174]
186 [180]
187 [187]
188 [180]
189 [189]
190 [190]
191 [189]
192 [190]
193 [189]
194 [194]
195 [195]
196 [189]
197 [190]
198 [195]
199 [199]
200 [200]
201 [189]
202 [202]
203 [203]
204 [199]
205 [200]
206 [206]
207 [202]
208 [199]
209 [209]
210 [206]
211 [202]
212 [212]
213 [213]
214 [202]
215 [212]
216 [216]
217 [217]
218 [190]
219 [219]
220 [220]
221 [221]
222 [222]
223 [219]
224 [220]
225 [222]
226 [219]
227 [220]
228 [222]
229 [222]
230 [230]
231 [222]
232 [222]
233 [233]
234 [222]
235 [230]
236 [230]
237 [230]
238 [238]
239 [230]
240 [238]
241 [230]
242 [238]
243 [230]
244 [233]
245 [233]
246 [233]
247 [247]
248 [247]
249 [247]
250 [247]
251 [247]
252 [252]
253 [247]
254 [247]
255 [247]
256 [247]
257 [247]
258 [247]
259 [259]
260 [260]
261 [247]
262 [262]
263 [263]
264 [264]
265 [265]
