# label area perimeter xmin xmax ymin ymax width height spatial_area pass_area pass_dims pass_pix_area pass_aspect pass_circ pass_fill pass_fill_min
199 1062 362 28 204 1061 1066 176 5 880 1 0 1 0 1 0 1
24 457 155 2 32 653 702 30 49 1470 1 0 1 0 1 1 1
8 429 198 1579 1624 603 670 45 67 3015 1 1 1 0 1 1 0
61 342 98 777 821 772 787 44 15 660 1 0 1 0 1 1 1
193 269 59 210 232 1055 1071 22 16 352 1 0 0 0 1 0 1
36 205 56 2 15 666 685 13 19 247 0 0 0 0 1 0 1
131 131 60 808 825 815 828 17 13 221 0 0 0 1 1 1 1
145 129 66 610 626 824 837 16 13 208 0 0 0 1 1 0 1
32 128 71 1584 1615 661 674 31 13 403 1 0 0 0 1 1 1
91 79 48 694 707 798 813 13 15 195 0 0 0 1 1 1 1
1 75 46 1589 1611 594 599 22 5 110 0 0 0 0 1 0 1
121 56 43 648 660 811 823 12 12 144 0 0 0 1 1 1 1
48 48 26 754 759 696 707 5 11 55 0 0 0 0 1 0 1
104 48 29 665 676 804 811 11 7 77 0 0 0 0 1 0 1
11 46 32 1617 1620 605 621 3 16 48 0 0 0 0 1 0 1
56 46 21 1019 1026 750 756 7 6 42 0 0 0 1 1 0 1
149 46 32 576 588 825 831 12 6 72 0 0 0 0 1 0 1
198 31 17 17 22 1061 1066 5 5 25 0 0 0 1 1 0 1
134 23 18 625 632 817 820 7 3 21 0 0 0 0 1 0 1
101 19 17 680 685 803 809 5 6 30 0 0 0 1 1 0 1
103 19 19 721 733 803 805 12 2 24 0 0 0 0 1 0 1
73 16 15 751 760 783 785 9 2 18 0 0 0 0 1 0 1
164 16 16 642 650 828 832 8 4 32 0 0 0 0 1 1 1
55 14 11 1022 1025 730 733 3 3 9 0 0 0 1 1 0 1
59 14 10 1162 1165 755 758 3 3 9 0 0 0 1 1 0 1
126 14 12 638 645 814 816 7 2 14 0 0 0 0 1 0 1
25 12 9 1582 1584 653 657 2 4 8 0 0 0 0 1 0 1
79 12 10 763 767 786 788 4 2 8 0 0 0 0 1 0 1
181 11 11 600 606 838 841 6 3 18 0 0 0 0 1 0 1
188 11 10 567 573 842 844 6 2 12 0 0 0 0 1 0 1
49 10 10 72 77 698 699 5 1 5 0 0 0 0 1 0 1
84 10 10 718 724 791 794 6 3 18 0 0 0 0 1 1 1
139 10 10 597 598 821 828 1 7 7 0 0 0 0 1 0 1
21 8 7 1583 1586 647 649 3 2 6 0 0 0 0 1 0 1
71 8 8 770 774 782 784 4 2 8 0 0 0 0 1 0 1
89 8 8 708 710 797 800 2 3 6 0 0 0 0 1 0 1
128 8 8 690 695 814 815 5 1 5 0 0 0 0 1 0 1
173 8 8 606 609 833 834 3 1 3 0 0 0 0 1 0 1
5 7 7 1583 1585 599 602 2 3 6 0 0 0 0 1 0 1
115 7 7 683 687 809 811 4 2 8 0 0 0 0 1 0 1
163 7 7 636 638 828 830 2 2 4 0 0 0 1 1 0 1
16 6 6 1614 1616 625 627 2 2 4 0 0 0 1 1 0 1
140 6 6 639 641 821 824 2 3 6 0 0 0 0 1 0 1
146 6 6 626 628 824 825 2 1 2 0 0 0 0 1 0 1
176 6 6 576 578 835 838 2 3 6 0 0 0 0 1 0 1
144 5 5 605 607 824 826 2 2 4 0 0 0 1 1 0 1
161 5 5 768 771 827 828 3 1 3 0 0 0 0 1 0 1
191 5 5 734 738 844 844 4 0 0 0 0 0 0 1 0 0
100 4 4 717 719 802 803 2 1 2 0 0 0 0 1 0 1
53 3 3 1238 1238 725 727 0 2 0 0 0 0 0 1 0 0
123 3 3 660 661 812 813 1 1 1 0 0 0 1 1 0 1
130 3 3 664 665 815 816 1 1 1 0 0 0 1 1 0 1
142 3 3 645 646 822 823 1 1 1 0 0 0 1 1 0 1
153 3 3 772 773 825 826 1 1 1 0 0 0 1 1 0 1
157 3 3 631 632 826 827 1 1 1 0 0 0 1 1 0 1
169 3 3 768 769 831 832 1 1 1 0 0 0 1 1 0 1
177 3 3 582 584 835 835 2 0 0 0 0 0 0 1 0 0
178 3 3 596 598 835 835 2 0 0 0 0 0 0 1 0 0
187 3 3 532 534 842 842 2 0 0 0 0 0 0 1 0 0
192 3 3 351 352 997 998 1 1 1 0 0 0 1 1 0 1
54 2 2 1234 1234 727 728 0 1 0 0 0 0 0 1 0 0
81 2 2 772 773 788 788 1 0 0 0 0 0 0 1 0 0
85 2 2 730 731 791 791 1 0 0 0 0 0 0 1 0 0
109 2 2 843 844 805 805 1 0 0 0 0 0 0 1 0 0
113 2 2 714 715 806 806 1 0 0 0 0 0 0 1 0 0
124 2 2 688 688 812 813 0 1 0 0 0 0 0 1 0 0
170 2 2 629 630 832 832 1 0 0 0 0 0 0 1 0 0
183 2 2 742 743 839 839 1 0 0 0 0 0 0 1 0 0
52 1 1 1237 1237 723 723 0 0 0 0 0 0 1 1 0 0
76 1 1 747 747 785 785 0 0 0 0 0 0 1 1 0 0
77 1 1 433 433 786 786 0 0 0 0 0 0 1 1 0 0
78 1 1 746 746 786 786 0 0 0 0 0 0 1 1 0 0
82 1 1 744 744 789 789 0 0 0 0 0 0 1 1 0 0
83 1 1 760 760 790 790 0 0 0 0 0 0 1 1 0 0
87 1 1 726 726 795 795 0 0 0 0 0 0 1 1 0 0
88 1 1 1169 1169 795 795 0 0 0 0 0 0 1 1 0 0
90 1 1 739 739 797 797 0 0 0 0 0 0 1 1 0 0
93 1 1 738 738 798 798 0 0 0 0 0 0 1 1 0 0
95 1 1 721 721 799 799 0 0 0 0 0 0 1 1 0 0
96 1 1 725 725 799 799 0 0 0 0 0 0 1 1 0 0
98 1 1 730 730 800 800 0 0 0 0 0 0 1 1 0 0
99 1 1 739 739 801 801 0 0 0 0 0 0 1 1 0 0
116 1 1 845 845 809 809 0 0 0 0 0 0 1 1 0 0
117 1 1 647 647 810 810 0 0 0 0 0 0 1 1 0 0
118 1 1 654 654 810 810 0 0 0 0 0 0 1 1 0 0
120 1 1 712 712 810 810 0 0 0 0 0 0 1 1 0 0
122 1 1 663 663 811 811 0 0 0 0 0 0 1 1 0 0
132 1 1 624 624 816 816 0 0 0 0 0 0 1 1 0 0
138 1 1 678 678 820 820 0 0 0 0 0 0 1 1 0 0
141 1 1 676 676 821 821 0 0 0 0 0 0 1 1 0 0
148 1 1 778 778 824 824 0 0 0 0 0 0 1 1 0 0
165 1 1 767 767 828 828 0 0 0 0 0 0 1 1 0 0
172 1 1 600 600 833 833 0 0 0 0 0 0 1 1 0 0
174 1 1 640 640 833 833 0 0 0 0 0 0 1 1 0 0
175 1 1 594 594 834 834 0 0 0 0 0 0 1 1 0 0
180 1 1 554 554 836 836 0 0 0 0 0 0 1 1 0 0
182 1 1 617 617 838 838 0 0 0 0 0 0 1 1 0 0
184 1 1 590 590 840 840 0 0 0 0 0 0 1 1 0 0
185 1 1 610 610 840 840 0 0 0 0 0 0 1 1 0 0
186 1 1 740 740 841 841 0 0 0 0 0 0 1 1 0 0
189 1 1 577 577 842 842 0 0 0 0 0 0 1 1 0 0
