1 [1]
2 [1]
3 [1]
4 [1]
5 [5]
6 [5]
7 [5]
8 [8]
9 [8]
10 [8]
11 [11]
12 [11]
13 [8]
14 [8]
15 [11]
16 [16]
17 [8]
18 [8]
19 [8]
20 [8]
21 [21]
22 [21]
23 [21]
24 [24]
25 [25]
26 [25]
27 [24]
28 [24]
29 [24]
30 [24]
31 [8]
32 [32]
33 [8]
34 [8]
35 [8]
36 [36]
37 [8]
38 [32]
39 [32]
40 [32]
41 [32]
42 [24]
43 [24]
44 [24]
45 [24]
46 [24]
47 [24]
48 [48]
49 [49]
50 [48]
51 [48]
52 [52]
53 [53]
54 [54]
55 [55]
56 [56]
57 [56]
58 [56]
59 [59]
60 [59]
61 [61]
62 [61]
63 [61]
64 [61]
65 [61]
66 [61]
67 [61]
68 [61]
69 [61]
70 [61]
71 [71]
72 [71]
73 [73]
74 [73]
75 [61]
76 [76]
77 [77]
78 [78]
79 [79]
80 [79]
81 [81]
82 [82]
83 [83]
84 [84]
85 [85]
86 [84]
87 [87]
88 [88]
89 [89]
90 [90]
91 [91]
92 [89]
93 [93]
94 [91]
95 [95]
96 [96]
97 [91]
98 [98]
99 [99]
100 [100]
101 [101]
102 [100]
103 [103]
104 [104]
105 [101]
106 [91]
107 [103]
108 [91]
109 [109]
110 [104]
111 [104]
112 [91]
113 [113]
114 [104]
115 [115]
116 [116]
117 [117]
118 [118]
119 [115]
120 [120]
121 [121]
122 [122]
123 [123]
124 [124]
125 [91]
126 [126]
127 [126]
128 [128]
129 [126]
130 [130]
131 [131]
132 [132]
133 [131]
134 [134]
135 [121]
136 [131]
137 [131]
138 [138]
139 [139]
140 [140]
141 [141]
142 [142]
143 [121]
144 [144]
145 [145]
146 [146]
147 [140]
148 [148]
149 [149]
150 [144]
151 [145]
152 [145]
153 [153]
154 [149]
155 [144]
156 [145]
157 [157]
158 [153]
159 [149]
160 [157]
161 [161]
162 [145]
163 [163]
164 [164]
165 [165]
166 [149]
167 [164]
168 [149]
169 [169]
170 [170]
171 [169]
172 [172]
173 [173]
174 [174]
175 [175]
176 [176]
177 [177]
178 [178]
179 [145]
180 [180]
181 [181]
182 [182]
183 [183]
184 [184]
185 [185]
186 [186]
187 [187]
188 [188]
189 [189]
190 [188]
191 [191]
192 [192]
193 [193]
194 [193]
195 [193]
196 [193]
197 [193]
198 [198]
199 [199]
200 [193]
