1 [1]
2 [1]
3 [1]
4 [1]
5 [1]
6 [1]
7 [1]
8 [1]
9 [1]
10 [1]
11 [1]
12 [1]
13 [1]
14 [1]
15 [1]
16 [1]
17 [1]
18 [1]
19 [1]
20 [1]
21 [1]
22 [1]
23 [1]
24 [1]
25 [1]
26 [1]
27 [1]
28 [1]
29 [1]
30 [1]
31 [1]
32 [1]
33 [1]
34 [1]
35 [1]
36 [1]
37 [1]
38 [1]
39 [1]
40 [1]
41 [1]
42 [1]
43 [1]
44 [1]
45 [1]
46 [1]
47 [1]
48 [1]
49 [1]
50 [50]
51 [51]
52 [52]
53 [50]
54 [54]
55 [55]
56 [50]
57 [57]
58 [58]
59 [58]
60 [50]
61 [57]
62 [58]
63 [58]
64 [58]
65 [52]
66 [58]
67 [52]
68 [58]
69 [69]
70 [1]
71 [52]
72 [72]
73 [58]
74 [57]
75 [50]
76 [58]
77 [77]
78 [77]
79 [79]
80 [79]
81 [81]
82 [81]
83 [79]
84 [1]
85 [1]
86 [86]
87 [1]
88 [1]
89 [81]
90 [90]
91 [58]
92 [1]
93 [1]
94 [1]
95 [95]
96 [1]
97 [97]
98 [98]
99 [99]
100 [100]
101 [100]
102 [100]
103 [100]
104 [100]
105 [100]
106 [100]
107 [100]
108 [100]
109 [109]
110 [109]
111 [109]
112 [109]
113 [113]
114 [114]
115 [115]
116 [116]
117 [116]
118 [116]
119 [119]
120 [120]
121 [121]
122 [122]
123 [121]
124 [121]
125 [121]
126 [121]
127 [121]
128 [121]
129 [129]
130 [130]
131 [131]
132 [132]
133 [133]
134 [134]
135 [135]
136 [121]
137 [137]
138 [137]
139 [137]
140 [140]
141 [137]
142 [142]
143 [143]
144 [144]
145 [144]
146 [146]
147 [147]
148 [148]
149 [148]
150 [150]
151 [151]
152 [151]
153 [151]
154 [154]
155 [137]
156 [156]
157 [157]
158 [137]
159 [137]
160 [160]
161 [137]
162 [162]
163 [137]
164 [164]
165 [121]
166 [137]
167 [167]
168 [137]
169 [169]
170 [137]
171 [171]
172 [172]
173 [173]
174 [169]
175 [162]
176 [176]
177 [173]
178 [178]
179 [178]
180 [121]
181 [181]
182 [178]
183 [173]
184 [178]
185 [185]
186 [162]
187 [187]
188 [188]
189 [189]
190 [189]
191 [191]
192 [189]
193 [162]
194 [189]
195 [195]
196 [162]
197 [197]
198 [198]
199 [199]
200 [199]
201 [201]
202 [202]
203 [203]
204 [204]
205 [204]
206 [206]
207 [207]
208 [208]
209 [203]
210 [210]
211 [207]
212 [208]
213 [203]
214 [210]
215 [207]
216 [203]
217 [208]
218 [203]
219 [219]
220 [220]
221 [203]
222 [219]
223 [223]
224 [223]
225 [225]
226 [223]
227 [223]
228 [228]
229 [229]
230 [230]
231 [231]
232 [223]
233 [230]
234 [234]
235 [231]
236 [229]
237 [237]
238 [230]
239 [239]
240 [240]
241 [237]
242 [230]
243 [239]
244 [239]
245 [223]
246 [239]
247 [230]
248 [248]
249 [239]
250 [250]
251 [251]
252 [250]
253 [253]
254 [254]
255 [251]
256 [256]
257 [253]
258 [254]
259 [251]
260 [260]
261 [261]
262 [251]
263 [263]
264 [264]
265 [260]
266 [266]
267 [267]
268 [268]
269 [223]
270 [260]
271 [266]
272 [272]
273 [251]
274 [248]
275 [260]
276 [266]
277 [277]
278 [278]
279 [277]
280 [280]
281 [266]
282 [282]
283 [277]
284 [278]
285 [248]
286 [286]
287 [287]
288 [282]
289 [277]
290 [290]
291 [291]
292 [287]
293 [282]
294 [290]
295 [291]
296 [290]
297 [291]
298 [298]
299 [299]
300 [300]
301 [290]
302 [302]
303 [303]
304 [303]
305 [305]
306 [303]
307 [305]
308 [308]
309 [303]
310 [305]
311 [303]
312 [303]
313 [313]
314 [314]
315 [315]
316 [303]
317 [317]
318 [305]
319 [305]
320 [308]
321 [321]
322 [305]
323 [305]
324 [305]
325 [325]
326 [305]
327 [305]
328 [305]
329 [329]
330 [330]
331 [331]
332 [332]
333 [330]
334 [334]
335 [335]
336 [330]
337 [337]
338 [338]
339 [338]
340 [338]
341 [338]
342 [338]
343 [343]
344 [344]
345 [345]
346 [346]
347 [347]
348 [348]
349 [349]
350 [338]
351 [344]
